	track	direction	distance	weather	going	start_at	title	grade	date	round	place	days	requirement	rule	単勝:的中	単勝:配当	単勝:人気	複勝_1:的中	複勝_1:配当	複勝_1:人気	複勝_2:的中	複勝_2:配当	複勝_2:人気	複勝_3:的中	複勝_3:配当	複勝_3:人気	枠連:的中	枠連:配当	枠連:人気	ワイド_1:的中	ワイド_1:配当	ワイド_1:人気	ワイド_2:的中	ワイド_2:配当	ワイド_2:人気	ワイド_3:的中	ワイド_3:配当	ワイド_3:人気	馬単:的中	馬単:配当	馬単:人気	三連複:的中	三連複:配当	三連複:人気	三連単:的中	三連単:配当	三連単:人気	spacing_on_corner:1	spacing_on_corner:2	spacing_on_corner:3	spacing_on_corner:4	laptime	pacemaker
198704010101	芝	右	1600	晴	良	10:20	4歳以上300万下		1987-4-18	1	新潟	1	4歳以上300万下	[抽](馬齢)	7	590	3	7	210	2	8	1,080	11	6.0	230.0	3.0	5-6	440	1																							13.0 - 11.8 - 12.2 - 12.2 - 12.4 - 12.2 - 12.1 - 11.9	13.0 - 24.8 - 37.0 - 49.2 - 61.6 - 73.8 - 85.9 - 97.8 (13.0-13.0)
198704010102	芝	右	1600	晴	良	10:45	4歳未出走		1987-4-18	1	新潟	1	4歳未出走	(馬齢)	12	550	3	12	180	3	5	370	5	9.0	550.0	7.0	4-8	820	4																							12.6 - 10.8 - 11.2 - 12.2 - 12.4 - 12.3 - 12.6 - 12.8	12.6 - 23.4 - 34.6 - 46.8 - 59.2 - 71.5 - 84.1 - 96.9 (12.6-12.6)
198704010103	芝	右	1200	晴	良	11:10	4歳未出走		1987-4-18	1	新潟	1	4歳未出走	(馬齢)	1	4500	10	1	740	11	9	200	3	7.0	220.0	4.0	1-6	6080	18																							12.5 - 10.9 - 11.8 - 11.5 - 11.9 - 12.7	12.5 - 23.4 - 35.2 - 46.7 - 58.6 - 71.3 (12.5-12.5)
198704010104	ダ	右	1200	晴	良	11:35	4歳未勝利		1987-4-18	1	新潟	1	4歳未勝利	(馬齢)	3	1280	5	3	210	5	5	150	2	4.0	110.0	1.0	3-5	3100	11																							12.5 - 11.9 - 12.2 - 12.8 - 13.0 - 12.8	12.5 - 24.4 - 36.6 - 49.4 - 62.4 - 75.2 (12.5-12.5)
198704010201	芝	右	2000	晴	良	10:20	4歳未出走		1987-4-19	1	新潟	2	4歳未出走	(馬齢)	3	3070	6	3	1,290	6	4	1,620	7				3-4	21020	21																							12.9 - 12.0 - 13.5 - 13.2 - 12.8 - 12.5 - 12.5 - 12.3 - 12.4 - 12.5	12.9 - 24.9 - 38.4 - 51.6 - 64.4 - 76.9 - 89.4 - 101.7 - 114.1 - 126.6 (12.9-12.9)
198704010202	ダ	右	1200	晴	良	10:45	4歳以上700万下		1987-4-19	1	新潟	2	4歳以上700万下	[抽](馬齢)	10	820	4	10	160	3	1	250	5	11.0	140.0	1.0	1-8	1110	5																							12.9 - 11.6 - 12.0 - 12.8 - 12.7 - 13.4	12.9 - 24.5 - 36.5 - 49.3 - 62.0 - 75.4 (12.9-12.9)
198704010203	芝	右	1400	晴	良	11:10	4歳未出走		1987-4-19	1	新潟	2	4歳未出走	(馬齢)	5	3090	9	5	580	9	11	240	4	4.0	190.0	2.0	4-7	900	3																							12.6 - 11.0 - 11.3 - 12.0 - 12.1 - 12.3 - 12.7	12.6 - 23.6 - 34.9 - 46.9 - 59.0 - 71.3 - 84.0 (12.6-12.6)
198704010204	芝	右	1600	晴	良	11:35	4歳未勝利		1987-4-19	1	新潟	2	4歳未勝利	(馬齢)	8	2950	10	8	470	10	10	200	3	4.0	160.0	1.0	6-7	2190	9																							12.5 - 11.3 - 11.7 - 11.8 - 12.2 - 12.4 - 12.0 - 12.7	12.5 - 23.8 - 35.5 - 47.3 - 59.5 - 71.9 - 83.9 - 96.6 (12.5-12.5)
198704010205	芝	右	1200	晴	良	12:00	4歳未勝利		1987-4-19	1	新潟	2	4歳未勝利	(馬齢)	5	310	1	5	130	2	11	150	3	6.0	260.0	5.0	4-7	560	3																							12.5 - 11.1 - 11.4 - 11.4 - 11.8 - 12.7	12.5 - 23.6 - 35.0 - 46.4 - 58.2 - 70.9 (12.5-12.5)
198704010206	ダ	右	1200	晴	良	13:00	4歳以上400万下		1987-4-19	1	新潟	2	4歳以上400万下	(馬齢)	10	280	1	10	160	1	3	560	9	2.0	220.0	4.0	3-7	4480	16																							12.6 - 11.4 - 12.0 - 12.7 - 13.0 - 12.8	12.6 - 24.0 - 36.0 - 48.7 - 61.7 - 74.5 (12.6-12.6)
198704010207	芝	右	1600	晴	良	13:30	4歳以上400万下		1987-4-19	1	新潟	2	4歳以上400万下	牝(馬齢)	5	740	3	5	260	4	4	280	5	11.0	190.0	3.0	4-4	2800	12																							12.5 - 11.7 - 11.8 - 11.6 - 12.3 - 12.5 - 11.8 - 12.2	12.5 - 24.2 - 36.0 - 47.6 - 59.9 - 72.4 - 84.2 - 96.4 (12.5-12.5)
198704010301	ダ	右	1700	雨	良	10:30	4歳以上300万下		1987-4-26	1	新潟	3	4歳以上300万下	[抽](馬齢)	6	340	2	6	250	2	1	380	6	3.0	510.0	8.0	1-6	1450	6																							7.2 - 11.8 - 12.9 - 12.9 - 13.1 - 13.3 - 13.7 - 13.8 - 13.7	7.2 - 19.0 - 31.9 - 44.8 - 57.9 - 71.2 - 84.9 - 98.7 - 112.4 (7.2-7.2)
198704010302	芝	右	1400	雨	良	10:55	4歳未出走		1987-4-26	1	新潟	3	4歳未出走	(馬齢)	9	170	1	9	100	1	3	350	5	13.0	170.0	3.0	3-6	2230	9																							12.7 - 10.8 - 11.2 - 12.1 - 12.2 - 12.6 - 12.5	12.7 - 23.5 - 34.7 - 46.8 - 59.0 - 71.6 - 84.1 (12.7-12.7)
198704010303	芝	右	1200	雨	稍重	11:20	4歳未出走		1987-4-26	1	新潟	3	4歳未出走	(混)(馬齢)	1	3750	9	1	490	8	10	110	1	8.0	560.0	9.0	1-8	1620	7																							12.7 - 11.2 - 12.0 - 11.8 - 11.9 - 12.2	12.7 - 23.9 - 35.9 - 47.7 - 59.6 - 71.8 (12.7-12.7)
198704010304	ダ	右	1200	雨	稍重	11:45	4歳未勝利		1987-4-26	1	新潟	3	4歳未勝利	(馬齢)	1	650	3	1	220	2	10	860	10	12.0	220.0	3.0	1-7	540	2																							12.4 - 11.3 - 11.6 - 12.6 - 13.3 - 13.3	12.4 - 23.7 - 35.3 - 47.9 - 61.2 - 74.5 (12.4-12.4)
198704010305	芝	右	2000	雨	稍重	12:45	4歳未勝利		1987-4-26	1	新潟	3	4歳未勝利	(馬齢)	9	210	1	9	120	1	1	300	6	8.0	230.0	4.0	1-6	1350	6																							12.9 - 12.0 - 12.2 - 12.5 - 11.9 - 12.2 - 13.1 - 12.3 - 12.4 - 13.2	12.9 - 24.9 - 37.1 - 49.6 - 61.5 - 73.7 - 86.8 - 99.1 - 111.5 - 124.7 (12.9-12.9)
198704010306	芝	右	2200	雨	稍重	13:15	4歳以上400万下		1987-4-26	1	新潟	3	4歳以上400万下	(馬齢)	10	240	1	10	110	1	2	510	8	12.0	240.0	4.0	2-7	3980	15																							12.8 - 11.1 - 12.3 - 12.4 - 12.7 - 12.5 - 12.2 - 12.7 - 12.2 - 12.7 - 12.8	12.8 - 23.9 - 36.2 - 48.6 - 61.3 - 73.8 - 86.0 - 98.7 - 110.9 - 123.6 - 136.4 (12.8-12.8)
198704010307	芝	右	1400	雨	稍重	13:45	4歳以上400万下		1987-4-26	1	新潟	3	4歳以上400万下	牝(馬齢)	5	840	5	5	290	6	8	130	1	12.0	870.0	13.0	4-6	1380	6																							12.9 - 10.9 - 11.1 - 11.8 - 12.0 - 12.4 - 12.9	12.9 - 23.8 - 34.9 - 46.7 - 58.7 - 71.1 - 84.0 (12.9-12.9)
198704010308	芝	右	1600	雨	稍重	14:15	4歳以上400万下		1987-4-26	1	新潟	3	4歳以上400万下	(馬齢)	8	1700	6	8	530	7	13	310	4	3.0	560.0	8.0	6-8	290	1																							12.4 - 11.1 - 11.6 - 11.9 - 12.8 - 12.2 - 12.6 - 12.3	12.4 - 23.5 - 35.1 - 47.0 - 59.8 - 72.0 - 84.6 - 96.9 (12.4-12.4)
198704010309	芝	右	2000	雨	重	14:45	アラブステークス 		1987-4-26	1	新潟	3	4歳以上オープン	[抽](ハンデ)	1	450	3	1	480	3	7	590	5	9.0	1,040	7.0	1-7	1280	6																							12.9 - 12.6 - 12.3 - 12.4 - 12.1 - 12.1 - 12.7 - 12.5 - 12.4 - 12.9	12.9 - 25.5 - 37.8 - 50.2 - 62.3 - 74.4 - 87.1 - 99.6 - 112.0 - 124.9 (12.9-12.9)
198704010310	芝	右	2000	雨	重	15:15	尖閣湾特別 		1987-4-26	1	新潟	3	4歳以上400万下	(混)(別定)	10	310	1	10	170	2	11	160	1	4.0	310	7.0	8-8	710	3																							13.0 - 12.8 - 12.9 - 12.7 - 12.7 - 12.3 - 12.6 - 12.0 - 12.2 - 12.7	13.0 - 25.8 - 38.7 - 51.4 - 64.1 - 76.4 - 89.0 - 101.0 - 113.2 - 125.9 (13.0-13.0)
198704010501	ダ	右	1700	晴	良	11:00	4歳以上700万下		1987-5-2	1	新潟	5	4歳以上700万下	[抽](馬齢)	10	200	1	10	130	1	5	130	2	3.0	440	8.0	5-8	340	1																							7.1 - 11.8 - 13.0 - 12.6 - 13.0 - 13.0 - 13.6 - 13.9 - 12.9	7.1 - 18.9 - 31.9 - 44.5 - 57.5 - 70.5 - 84.1 - 98.0 - 110.9 (7.1-7.1)
198704010502	芝	右	1600	晴	良	11:30	4歳未出走		1987-5-2	1	新潟	5	4歳未出走	(馬齢)	2	240	1	2	120	1	5	130	2	3.0	300	6.0	2-5	410	1																							12.5 - 11.2 - 11.4 - 11.4 - 12.4 - 12.3 - 12.9 - 13.9	12.5 - 23.7 - 35.1 - 46.5 - 58.9 - 71.2 - 84.1 - 98.0 (12.5-12.5)
198704010503	芝	右	2000	晴	良	12:00	4歳未勝利		1987-5-2	1	新潟	5	4歳未勝利	(馬齢)	3	210	1	3	110	1	1	170	4	5.0	120	2.0	1-3	830	3																							12.9 - 12.1 - 13.3 - 13.1 - 12.2 - 12.0 - 12.3 - 11.9 - 12.3 - 12.9	12.9 - 25.0 - 38.3 - 51.4 - 63.6 - 75.6 - 87.9 - 99.8 - 112.1 - 125.0 (12.9-12.9)
198704010504	芝	右	1200	晴	良	13:00	4歳未勝利		1987-5-2	1	新潟	5	4歳未勝利	(馬齢)	2	880	5	2	170	4	4	130	2	1.0	110	1.0	2-4	2220	9																							12.5 - 10.7 - 11.6 - 11.9 - 12.3 - 12.7	12.5 - 23.2 - 34.8 - 46.7 - 59.0 - 71.7 (12.5-12.5)
198704010505	芝	右	1200	晴	良	13:30	4歳未勝利		1987-5-2	1	新潟	5	4歳未勝利	(馬齢)	10	520	2	10	130	2	5	180	3	6.0	100	1.0	5-8	1380	6																							12.7 - 10.9 - 11.7 - 12.1 - 11.7 - 12.2	12.7 - 23.6 - 35.3 - 47.4 - 59.1 - 71.3 (12.7-12.7)
198704010506	芝	右	1400	曇	良	14:05	4歳未勝利		1987-5-2	1	新潟	5	4歳未勝利	牝(馬齢)	6	450	3	6	180	2	2	250	4	8.0	200	3.0	2-6	1530	6																							12.5 - 10.9 - 11.2 - 12.1 - 12.4 - 12.0 - 12.7	12.5 - 23.4 - 34.6 - 46.7 - 59.1 - 71.1 - 83.8 (12.5-12.5)
198704010507	芝	右	2200	曇	良	14:40	4歳以上400万下		1987-5-2	1	新潟	5	4歳以上400万下	(馬齢)	11	240	1	11	140	1	13	250	5	6.0	310	6.0	7-8	590	2																							12.8 - 11.6 - 12.7 - 12.1 - 12.5 - 12.2 - 11.9 - 12.5 - 12.3 - 12.7 - 13.2	12.8 - 24.4 - 37.1 - 49.2 - 61.7 - 73.9 - 85.8 - 98.3 - 110.6 - 123.3 - 136.5 (12.8-12.8)
198704010508	ダ	右	1700	曇	良	15:15	清津峡特別 		1987-5-2	1	新潟	5	4歳以上400万下	(別定)	7	140	1	7	130	1	3	330	4				3-7	750	3																							7.6 - 11.4 - 12.6 - 12.6 - 12.6 - 12.8 - 13.8 - 13.7 - 13.8	7.6 - 19.0 - 31.6 - 44.2 - 56.8 - 69.6 - 83.4 - 97.1 - 110.9 (7.6-7.6)
198704010509	芝	右	2000	曇	良	15:50	胎内川特別 		1987-5-2	1	新潟	5	4歳以上400万下	牝(別定)	5	380	2	5	150	3	1	270	5	9.0	150	2.0	1-5	2410	12																							13.3 - 12.5 - 12.5 - 12.6 - 12.1 - 11.6 - 12.3 - 12.5 - 12.1 - 12.3	13.3 - 25.8 - 38.3 - 50.9 - 63.0 - 74.6 - 86.9 - 99.4 - 111.5 - 123.8 (13.3-13.3)
198704010601	ダ	右	1700	曇	良	10:30	4歳未勝利		1987-5-3	1	新潟	6	4歳未勝利	(馬齢)	4	250	1	4	150	1	2	170	3				2-4	510	3																							7.0 - 11.9 - 13.3 - 13.3 - 13.4 - 13.1 - 13.2 - 13.1 - 12.8	7.0 - 18.9 - 32.2 - 45.5 - 58.9 - 72.0 - 85.2 - 98.3 - 111.1 (7.0-7.0)
198704010602	芝	右	1400	雨	良	11:00	4歳未出走		1987-5-3	1	新潟	6	4歳未出走	(馬齢)	2	710	4	2	180	5	5	110	1	7.0	170	4.0	2-5	410	2																							12.8 - 11.2 - 11.4 - 12.1 - 12.5 - 12.3 - 12.9	12.8 - 24.0 - 35.4 - 47.5 - 60.0 - 72.3 - 85.2 (12.8-12.8)
198704010603	芝	右	2000	雨	良	11:30	4歳以上300万下		1987-5-3	1	新潟	6	4歳以上300万下	[抽](馬齢)	8	390	2	8	130	1	3	130	3	5.0	130	2.0	3-8	850	5																							13.0 - 12.1 - 12.8 - 13.1 - 13.1 - 12.7 - 12.8 - 13.1 - 12.2 - 12.5	13.0 - 25.1 - 37.9 - 51.0 - 64.1 - 76.8 - 89.6 - 102.7 - 114.9 - 127.4 (13.0-13.0)
198704010604	芝	右	1600	雨	良	12:00	4歳未勝利		1987-5-3	1	新潟	6	4歳未勝利	(混)(馬齢)	2	1130	6	2	240	4	3	150	2	1.0	260	5.0	2-3	1600	7																							12.6 - 11.9 - 12.2 - 12.0 - 12.3 - 12.1 - 12.3 - 12.6	12.6 - 24.5 - 36.7 - 48.7 - 61.0 - 73.1 - 85.4 - 98.0 (12.6-12.6)
198704010605	ダ	右	1200	雨	稍重	13:00	4歳以上400万下		1987-5-3	1	新潟	6	4歳以上400万下	(馬齢)	10	1140	6	10	340	6	7	710	10	3.0	160	2.0	6-7	17340	26																							12.7 - 11.4 - 12.2 - 12.8 - 12.7 - 13.2	12.7 - 24.1 - 36.3 - 49.1 - 61.8 - 75.0 (12.7-12.7)
198704010606	芝	右	1400	曇	稍重	13:30	4歳以上400万下		1987-5-3	1	新潟	6	4歳以上400万下	(馬齢)	7	280	1	7	120	1	6	140	4	4.0	140	3.0	6-7	550	1																							12.8 - 11.6 - 11.5 - 12.4 - 12.5 - 11.8 - 12.0	12.8 - 24.4 - 35.9 - 48.3 - 60.8 - 72.6 - 84.6 (12.8-12.8)
198704010607	芝	右	2000	曇	稍重	14:05	4歳以上400万下		1987-5-3	1	新潟	6	4歳以上400万下	(馬齢)	7	390	2	7	170	2	1	210	3	4.0	310	6.0	1-5	1080	4																							12.7 - 12.4 - 12.2 - 12.3 - 12.9 - 12.2 - 12.7 - 12.1 - 12.3 - 12.4	12.7 - 25.1 - 37.3 - 49.6 - 62.5 - 74.7 - 87.4 - 99.5 - 111.8 - 124.2 (12.7-12.7)
198704010608	芝	右	1400	曇	稍重	14:40	ひめさゆり賞 		1987-5-3	1	新潟	6	4歳400万下	(馬齢)	4	1210	5	4	450	7	5	440	6	6.0	490	8.0	4-4	3210	16																							12.3 - 11.0 - 11.1 - 12.2 - 12.1 - 12.7 - 13.2	12.3 - 23.3 - 34.4 - 46.6 - 58.7 - 71.4 - 84.6 (12.3-12.3)
198704010609	芝	右	1600	曇	稍重	15:15	両津湾特別 		1987-5-3	1	新潟	6	4歳以上400万下	(別定)	2	260	1	2	120	2	3	100	1	4.0	310	7.0	2-3	330	1																							12.6 - 11.4 - 12.0 - 11.7 - 12.3 - 12.1 - 12.0 - 13.3	12.6 - 24.0 - 36.0 - 47.7 - 60.0 - 72.1 - 84.1 - 97.4 (12.6-12.6)
198704010610	芝	右	2000	曇	稍重	15:50	金北山特別 		1987-5-3	1	新潟	6	4歳以上900万下	(混)(馬齢)	3	330	1	3	150	2	11	280	5	13.0	150	1.0	3-7	1400	8																							12.8 - 11.8 - 11.7 - 12.1 - 12.4 - 12.2 - 12.8 - 12.4 - 12.4 - 13.4	12.8 - 24.6 - 36.3 - 48.4 - 60.8 - 73.0 - 85.8 - 98.2 - 110.6 - 124.0 (12.8-12.8)
198704010611	芝	右	1400	曇	稍重	16:20	4歳以上400万下		1987-5-3	1	新潟	6	4歳以上400万下	(馬齢)	7	510	3	7	220	3	9	260	5	11.0	320	7.0	6-7	580	3																							12.7 - 11.3 - 11.2 - 12.2 - 12.3 - 12.2 - 12.9	12.7 - 24.0 - 35.2 - 47.4 - 59.7 - 71.9 - 84.8 (12.7-12.7)
198704010701	ダ	右	1200	晴	良	10:20	4歳以上300万下		1987-5-9	1	新潟	7	4歳以上300万下	[抽](馬齢)	4	390	1	4	180	1	11	230	4	10.0	200	3.0	4-8	1670	8																							12.9 - 11.8 - 12.1 - 12.8 - 13.7 - 13.4	12.9 - 24.7 - 36.8 - 49.6 - 63.3 - 76.7 (12.9-12.9)
198704010702	芝	右	2000	晴	良	10:45	4歳未出走		1987-5-9	1	新潟	7	4歳未出走	(混)(馬齢)	12	2690	8	12	820	9	6	160	2	1.0	210	4.0	5-8	300	1																							12.7 - 11.8 - 12.3 - 12.6 - 12.7 - 12.3 - 12.8 - 12.6 - 12.8 - 13.6	12.7 - 24.5 - 36.8 - 49.4 - 62.1 - 74.4 - 87.2 - 99.8 - 112.6 - 126.2 (12.7-12.7)
198704010703	芝	右	1200	晴	良	11:10	4歳未出走		1987-5-9	1	新潟	7	4歳未出走	(馬齢)	12	580	3	12	250	4	6	230	3	5.0	320	6.0	5-8	760	3																							12.5 - 10.6 - 11.9 - 12.2 - 12.0 - 12.4	12.5 - 23.1 - 35.0 - 47.2 - 59.2 - 71.6 (12.5-12.5)
198704010704	芝	右	1600	晴	良	11:35	4歳未勝利		1987-5-9	1	新潟	7	4歳未勝利	牝(馬齢)	12	790	4	12	310	5	13	680	9	6.0	270	4.0	8-8	11200	26																							12.8 - 11.8 - 11.6 - 11.8 - 12.3 - 12.4 - 12.7 - 13.0	12.8 - 24.6 - 36.2 - 48.0 - 60.3 - 72.7 - 85.4 - 98.4 (12.8-12.8)
198704010705	芝	右	1400	晴	良	12:00	4歳未勝利		1987-5-9	1	新潟	7	4歳未勝利	(馬齢)	13	1010	7	13	200	2	4	210	3	10.0	530	8.0	4-8	1990	10																							12.5 - 11.3 - 11.0 - 12.0 - 11.9 - 12.3 - 12.7	12.5 - 23.8 - 34.8 - 46.8 - 58.7 - 71.0 - 83.7 (12.5-12.5)
198704010801	芝	右	1600	晴	良	10:20	4歳以上オープン		1987-5-10	1	新潟	8	4歳以上オープン	[抽](別定)	2	290	3	2	140	2	3	150	3				2-3	400	2																							12.9 - 11.9 - 12.1 - 11.5 - 12.3 - 11.9 - 12.1 - 12.8	12.9 - 24.8 - 36.9 - 48.4 - 60.7 - 72.6 - 84.7 - 97.5 (12.9-12.9)
198704010802	芝	右	1600	晴	良	10:45	4歳未出走		1987-5-10	1	新潟	8	4歳未出走	(馬齢)	1	550	2	1	170	3	12	120	1	9.0	150	2.0	1-8	500	2																							12.4 - 11.1 - 11.9 - 11.8 - 12.8 - 12.3 - 12.4 - 12.8	12.4 - 23.5 - 35.4 - 47.2 - 60.0 - 72.3 - 84.7 - 97.5 (12.4-12.4)
198704010803	ダ	右	1200	晴	良	11:10	4歳未勝利		1987-5-10	1	新潟	8	4歳未勝利	(馬齢)	7	490	2	7	130	2	10	110	1	9.0	480	9.0	6-7	250	1																							12.4 - 11.6 - 12.4 - 12.9 - 12.9 - 13.0	12.4 - 24.0 - 36.4 - 49.3 - 62.2 - 75.2 (12.4-12.4)
198704010804	芝	右	2000	晴	良	11:35	4歳未勝利		1987-5-10	1	新潟	8	4歳未勝利	(馬齢)	10	350	1	10	170	3	2	240	6	3.0	150	2.0	2-8	1250	6																							12.7 - 12.1 - 12.4 - 12.8 - 13.2 - 12.7 - 12.4 - 12.0 - 12.1 - 12.3	12.7 - 24.8 - 37.2 - 50.0 - 63.2 - 75.9 - 88.3 - 100.3 - 112.4 - 124.7 (12.7-12.7)
198704010805	芝	右	1600	晴	良	12:00	4歳未勝利		1987-5-10	1	新潟	8	4歳未勝利	(馬齢)	6	420	2	6	160	2	8	180	3	4.0	360	6.0	5-6	830	2																							13.1 - 11.9 - 12.0 - 12.0 - 12.8 - 12.7 - 12.4 - 12.6	13.1 - 25.0 - 37.0 - 49.0 - 61.8 - 74.5 - 86.9 - 99.5 (13.1-13.1)
198704010806	ダ	右	1700	晴	良	13:00	4歳以上400万下		1987-5-10	1	新潟	8	4歳以上400万下	(馬齢)	7	1810	10	7	540	10	1	350	5	11.0	200	3.0	1-6	4680	14																							7.4 - 11.2 - 12.3 - 12.5 - 12.8 - 13.7 - 13.9 - 13.9 - 13.2	7.4 - 18.6 - 30.9 - 43.4 - 56.2 - 69.9 - 83.8 - 97.7 - 110.9 (7.4-7.4)
198704010807	芝	右	2000	晴	良	13:30	4歳以上400万下		1987-5-10	1	新潟	8	4歳以上400万下	牝(馬齢)	12	450	3	12	180	4	13	170	3	2.0	150	1.0	8-8	1020	4																							12.9 - 12.2 - 12.1 - 12.3 - 12.8 - 12.6 - 12.8 - 12.2 - 11.8 - 12.0	12.9 - 25.1 - 37.2 - 49.5 - 62.3 - 74.9 - 87.7 - 99.9 - 111.7 - 123.7 (12.9-12.9)
198704010808	芝	右	1400	晴	良	14:05	4歳以上400万下		1987-5-10	1	新潟	8	4歳以上400万下	(馬齢)	8	540	3	8	170	2	9	1,250	12	5.0	130	1.0	6-6	11900	25																							12.6 - 11.3 - 11.1 - 12.3 - 12.2 - 12.3 - 12.5	12.6 - 23.9 - 35.0 - 47.3 - 59.5 - 71.8 - 84.3 (12.6-12.6)
198704010809	芝	右	2200	晴	良	14:40	こけもも賞 		1987-5-10	1	新潟	8	4歳400万下	(混)(馬齢)	11	450	2	11	150	1	10	250	5	9.0	300	6.0	8-8	1570	8																							12.7 - 11.1 - 12.3 - 12.7 - 12.4 - 12.6 - 12.5 - 12.7 - 12.5 - 12.2 - 12.7	12.7 - 23.8 - 36.1 - 48.8 - 61.2 - 73.8 - 86.3 - 99.0 - 111.5 - 123.7 - 136.4 (12.7-12.7)
198704010810	芝	右	1600	晴	良	15:15	松浜特別 		1987-5-10	1	新潟	8	4歳以上400万下	(混)(別定)	1	570	4	1	260	4	8	680	10	2.0	210	3.0	1-6	5410	18																							12.7 - 11.5 - 12.1 - 11.6 - 12.2 - 12.0 - 12.0 - 12.4	12.7 - 24.2 - 36.3 - 47.9 - 60.1 - 72.1 - 84.1 - 96.5 (12.7-12.7)
198704010811	芝	右	2200	晴	良	15:50	新潟大賞典	G3	1987-5-10	1	新潟	8	4歳以上オープン	(ハンデ)	6	560	2	6	230	2	12	350	7	5.0	320	5.0	5-8	1120	4																							12.7 - 11.4 - 12.6 - 12.8 - 12.5 - 12.2 - 12.0 - 12.4 - 12.4 - 11.6 - 11.9	12.7 - 24.1 - 36.7 - 49.5 - 62.0 - 74.2 - 86.2 - 98.6 - 111.0 - 122.6 - 134.5 (12.7-12.7)
198704020101	芝	右	1200	曇	重	10:20	3歳未勝利		1987-7-18	2	新潟	1	3歳未勝利	[抽](馬齢)	2	130	1	2	100	1	5	120	2				2-5	160	1																							12.7 - 12.3 - 12.7 - 12.4 - 12.3 - 11.4	12.7 - 25.0 - 37.7 - 50.1 - 62.4 - 73.8 (12.7-12.7)
198704020102	芝	右	1800	曇	重	10:45	4歳未勝利		1987-7-18	2	新潟	1	4歳未勝利	(馬齢)	6	210	1	6	110	1	3	110	2	4.0	330	7.0	3-6	310	1																							12.3 - 11.6 - 12.5 - 12.1 - 12.4 - 12.4 - 11.9 - 12.7 - 12.5	12.3 - 23.9 - 36.4 - 48.5 - 60.9 - 73.3 - 85.2 - 97.9 - 110.4 (12.3-12.3)
198704020103	ダ	右	1000	曇	重	11:10	4歳未勝利		1987-7-18	2	新潟	1	4歳未勝利	(馬齢)	1	350	2	1	130	2	6	120	1	7.0	160	3.0	1-5	980	5																							12.5 - 11.0 - 11.8 - 12.5 - 12.6	12.5 - 23.5 - 35.3 - 47.8 - 60.4 (12.5-12.5)
198704020104	芝	右	1000	曇	重	11:35	3歳新馬		1987-7-18	2	新潟	1	3歳新馬	(混)(馬齢)	6	230	2	6	130	1	1	420	7	3.0	400	6.0	1-6	2680	10																							12.1 - 10.9 - 11.2 - 11.6 - 11.7	12.1 - 23.0 - 34.2 - 45.8 - 57.5 (12.1-12.1)
198704020105	障		2800	曇	重	12:00	障害4歳以上未勝利		1987-7-18	2	新潟	1	障害4歳以上未勝利	(馬齢)	2	140	1	2	120	1	3	350	5				2-3	920	4																								
198704020106	芝	右	1600	曇	重	13:00	4歳未勝利		1987-7-18	2	新潟	1	4歳未勝利	牝(馬齢)	12	190	1	12	130	1	11	230	3	6.0	310	7.0	8-8	1350	7																							11.9 - 11.3 - 11.5 - 12.0 - 12.4 - 12.1 - 11.9 - 13.0	11.9 - 23.2 - 34.7 - 46.7 - 59.1 - 71.2 - 83.1 - 96.1 (11.9-11.9)
198704020201	ダ	右	1000	曇	良	10:20	3歳未勝利		1987-7-19	2	新潟	2	3歳未勝利	[抽](馬齢)	1	220	1	1	140	1	4	390	5				1-4	1420	6																							13.4 - 11.8 - 12.6 - 13.2 - 13.2	13.4 - 25.2 - 37.8 - 51.0 - 64.2 (13.4-13.4)
198704020202	芝	右	1200	曇	良	10:45	3歳新馬		1987-7-19	2	新潟	2	3歳新馬	牝(馬齢)	6	120	1	6	100	1	5	120	2				5-6	160	1																							12.1 - 11.4 - 11.5 - 11.5 - 12.0 - 12.3	12.1 - 23.5 - 35.0 - 46.5 - 58.5 - 70.8 (12.1-12.1)
198704020203	芝	右	1800	曇	良	11:10	4歳未勝利		1987-7-19	2	新潟	2	4歳未勝利	(馬齢)	7	130	1	7	100	1	4	200	4	3.0	150	3.0	4-7	770	3																							12.3 - 11.7 - 13.0 - 13.1 - 12.3 - 11.8 - 11.4 - 11.5 - 12.7	12.3 - 24.0 - 37.0 - 50.1 - 62.4 - 74.2 - 85.6 - 97.1 - 109.8 (12.3-12.3)
198704020204	芝	右	1400	曇	良	11:35	4歳未勝利		1987-7-19	2	新潟	2	4歳未勝利	(馬齢)	1	1450	6	1	290	6	6	320	7	2.0	130	1.0	1-6	6460	18																							11.6 - 11.0 - 11.2 - 11.8 - 12.3 - 11.9 - 13.2	11.6 - 22.6 - 33.8 - 45.6 - 57.9 - 69.8 - 83.0 (11.6-11.6)
198704020205	芝	右	1000	曇	良	12:00	3歳新馬		1987-7-19	2	新潟	2	3歳新馬	(馬齢)	8	120	1	8	110	1	2	160	3	6.0	180	5.0	2-8	540	3																							12.0 - 10.8 - 11.8 - 11.3 - 12.5	12.0 - 22.8 - 34.6 - 45.9 - 58.4 (12.0-12.0)
198704020206	芝	右	1400	曇	良	13:00	4歳未勝利		1987-7-19	2	新潟	2	4歳未勝利	(馬齢)	10	140	1	10	120	1	2	290	6	3.0	240	5.0	2-7	1810	7																							11.9 - 11.3 - 11.0 - 11.6 - 11.8 - 13.0 - 12.2	11.9 - 23.2 - 34.2 - 45.8 - 57.6 - 70.6 - 82.8 (11.9-11.9)
198704020207	ダ	右	1200	曇	良	13:30	4歳以上400万下		1987-7-19	2	新潟	2	4歳以上400万下	(馬齢)	6	1100	6	6	350	6	7	290	5	12.0	230	4.0	5-6	670	2																							11.9 - 11.0 - 11.3 - 12.3 - 13.0 - 13.3	11.9 - 22.9 - 34.2 - 46.5 - 59.5 - 72.8 (11.9-11.9)
198704020208	芝	右	1800	曇	良	14:00	妙高特別 		1987-7-19	2	新潟	2	4歳以上400万下	(馬齢)	1	680	4	1	310	4	3	160	1				1-3	1260	4																							12.3 - 11.0 - 12.0 - 12.0 - 11.8 - 11.9 - 12.3 - 12.2 - 12.1	12.3 - 23.3 - 35.3 - 47.3 - 59.1 - 71.0 - 83.3 - 95.5 - 107.6 (12.3-12.3)
198704020209	芝	右	1800	曇	良	14:35	4歳以上400万下		1987-7-19	2	新潟	2	4歳以上400万下	(父)(馬齢)	2	670	2	2	210	3	6	200	2	7.0	360	7.0	2-6	1440	6																							12.1 - 11.2 - 12.7 - 12.4 - 12.1 - 11.7 - 11.8 - 11.8 - 12.6	12.1 - 23.3 - 36.0 - 48.4 - 60.5 - 72.2 - 84.0 - 95.8 - 108.4 (12.1-12.1)
198704020210	芝	右	1600	曇	良	15:10	弥彦特別 		1987-7-19	2	新潟	2	4歳以上900万下	(別定)	11	330	2	11	150	2	9	280	6	1.0	270	5.0	7-8	380	1																							11.9 - 11.4 - 11.2 - 11.7 - 12.0 - 11.8 - 11.7 - 12.6	11.9 - 23.3 - 34.5 - 46.2 - 58.2 - 70.0 - 81.7 - 94.3 (11.9-11.9)
198704020211	芝	右	1200	曇	良	15:45	BSN杯 		1987-7-19	2	新潟	2	4歳以上オープン	(混)(別定)	4	180	1	4	100	1	6	110	2	3.0	130	3.0	4-6	260	1																							11.3 - 10.5 - 10.8 - 11.4 - 11.8 - 12.3	11.3 - 21.8 - 32.6 - 44.0 - 55.8 - 68.1 (11.3-11.3)
198704020401	ダ	右	1700	曇	不良	10:20	4歳未勝利		1987-7-26	2	新潟	4	4歳未勝利	(馬齢)	5	130	1	5	100	1	1	110	2	3.0	260	6.0	1-5	170	1																							6.7 - 11.5 - 12.0 - 13.3 - 13.1 - 13.1 - 13.2 - 14.0 - 13.2	6.7 - 18.2 - 30.2 - 43.5 - 56.6 - 69.7 - 82.9 - 96.9 - 110.1 (6.7-6.7)
198704020402	ダ	右	1700	曇	不良	10:45	4歳未勝利		1987-7-26	2	新潟	4	4歳未勝利	(馬齢)	2	120	1	2	100	1	1	130	3	7.0	120	2.0	1-2	380	2																							6.8 - 11.4 - 12.2 - 12.6 - 13.3 - 12.9 - 13.4 - 13.8 - 12.5	6.8 - 18.2 - 30.4 - 43.0 - 56.3 - 69.2 - 82.6 - 96.4 - 108.9 (6.8-6.8)
198704020403	芝	右	1800	曇	不良	11:10	4歳未勝利		1987-7-26	2	新潟	4	4歳未勝利	牝(馬齢)	4	260	1	4	130	1	11	330	7	10.0	180	4.0	4-8	820	4																							12.2 - 11.6 - 12.2 - 12.3 - 12.3 - 12.4 - 12.0 - 12.0 - 12.5	12.2 - 23.8 - 36.0 - 48.3 - 60.6 - 73.0 - 85.0 - 97.0 - 109.5 (12.2-12.2)
198704020404	芝	右	1000	曇	不良	11:35	3歳新馬		1987-7-26	2	新潟	4	3歳新馬	(馬齢)	4	410	2	4	170	4	7	150	1	6.0	320	6.0	4-7	810	3																							12.3 - 11.1 - 11.6 - 12.3 - 12.1	12.3 - 23.4 - 35.0 - 47.3 - 59.4 (12.3-12.3)
198704020405	芝	右	1200	晴	不良	12:00	3歳新馬		1987-7-26	2	新潟	4	3歳新馬	(馬齢)	4	110	1	4	110	1	7	130	2	8.0	360	8.0	4-7	470	2																							12.2 - 10.8 - 11.5 - 12.3 - 12.0 - 12.4	12.2 - 23.0 - 34.5 - 46.8 - 58.8 - 71.2 (12.2-12.2)
198704020406	芝	右	1200	晴	重	13:00	4歳未勝利		1987-7-26	2	新潟	4	4歳未勝利	(混)(馬齢)	15	480	3	15	180	3	3	150	1	9.0	270	5.0	2-8	470	1																							12.2 - 10.9 - 11.3 - 11.7 - 11.9 - 11.9	12.2 - 23.1 - 34.4 - 46.1 - 58.0 - 69.9 (12.2-12.2)
198704020407	ダ	右	1700	晴	重	13:30	4歳以上400万下		1987-7-26	2	新潟	4	4歳以上400万下	(馬齢)	4	290	2	4	130	3	6	100	1	2.0	130	4.0	4-6	440	1																							7.2 - 11.3 - 12.3 - 12.9 - 13.0 - 12.6 - 12.9 - 13.2 - 12.3	7.2 - 18.5 - 30.8 - 43.7 - 56.7 - 69.3 - 82.2 - 95.4 - 107.7 (7.2-7.2)
198704020408	芝	右	2000	晴	重	14:00	4歳以上400万下		1987-7-26	2	新潟	4	4歳以上400万下	(馬齢)	5	590	2	5	120	2	7	110	1	1.0	330	8.0	5-7	350	1																							12.4 - 11.6 - 12.1 - 12.3 - 12.4 - 12.2 - 12.5 - 12.3 - 11.6 - 12.5	12.4 - 24.0 - 36.1 - 48.4 - 60.8 - 73.0 - 85.5 - 97.8 - 109.4 - 121.9 (12.4-12.4)
198704020409	障		2800	晴	重	14:35	新潟障害ステークス 		1987-7-26	2	新潟	4	障害4歳以上オープン	(別定)	3	800	4	3	340	3	5	460	6				3-5	2760	13																								
198704020410	芝	右	1600	晴	重	15:10	相川特別 		1987-7-26	2	新潟	4	4歳以上400万下	牝(別定)	2	370	2	2	150	2	6	180	5	1.0	190	6.0	2-6	1280	7																							12.5 - 12.1 - 12.0 - 11.8 - 11.9 - 12.2 - 11.1 - 11.8	12.5 - 24.6 - 36.6 - 48.4 - 60.3 - 72.5 - 83.6 - 95.4 (12.5-12.5)
198704020411	芝	右	1800	晴	重	15:45	NST賞 		1987-7-26	2	新潟	4	4歳以上900万下	(混)(ハンデ)	1	290	2	1	160	2	4	190	3				1-4	580	3																							12.1 - 11.7 - 13.1 - 12.9 - 12.2 - 11.7 - 11.5 - 11.5 - 11.9	12.1 - 23.8 - 36.9 - 49.8 - 62.0 - 73.7 - 85.2 - 96.7 - 108.6 (12.1-12.1)
198704020412	芝	右	1400	晴	重	16:20	4歳以上400万下		1987-7-26	2	新潟	4	4歳以上400万下	(馬齢)	8	2630	8	8	700	9	1	560	7	5.0	1,110	10.0	1-7	7380	20																							11.9 - 11.2 - 11.4 - 11.9 - 11.9 - 12.4 - 12.5	11.9 - 23.1 - 34.5 - 46.4 - 58.3 - 70.7 - 83.2 (11.9-11.9)
198704020501	芝	右	1200	曇	稍重	10:30	3歳300万下		1987-8-1	2	新潟	5	3歳300万下	[抽](別定)	1	110	1	1	100	1	2	220	3				1-2	410	2																							12.3 - 10.9 - 11.4 - 11.6 - 11.9 - 13.2	12.3 - 23.2 - 34.6 - 46.2 - 58.1 - 71.3 (12.3-12.3)
198704020502	ダ	右	1700	曇	稍重	11:00	4歳未勝利		1987-8-1	2	新潟	5	4歳未勝利	(馬齢)	4	160	1	4	100	1	5	100	2				4-5	130	1																							6.9 - 12.0 - 12.9 - 13.2 - 13.3 - 12.6 - 12.3 - 13.1 - 12.8	6.9 - 18.9 - 31.8 - 45.0 - 58.3 - 70.9 - 83.2 - 96.3 - 109.1 (6.9-6.9)
198704020503	芝	右	1600	曇	稍重	11:30	4歳未勝利		1987-8-1	2	新潟	5	4歳未勝利	(馬齢)	11	1210	6	11	230	6	8	110	1	2.0	190	4.0	7-8	440	1																							12.1 - 11.9 - 11.8 - 12.1 - 12.4 - 11.3 - 11.5 - 12.9	12.1 - 24.0 - 35.8 - 47.9 - 60.3 - 71.6 - 83.1 - 96.0 (12.1-12.1)
198704020504	障		2800	雨	稍重	12:00	障害4歳以上未勝利		1987-8-1	2	新潟	5	障害4歳以上未勝利	(馬齢)	1	260	1	1	140	2	5	140	1				1-5	480	3																								
198704020505	芝	右	1800	曇	稍重	13:00	4歳未勝利		1987-8-1	2	新潟	5	4歳未勝利	(馬齢)	14	580	4	14	210	3	6	770	11	12.0	730	10.0	4-8	1010	6																							12.3 - 11.7 - 12.7 - 13.1 - 12.2 - 12.4 - 11.8 - 11.7 - 13.0	12.3 - 24.0 - 36.7 - 49.8 - 62.0 - 74.4 - 86.2 - 97.9 - 110.9 (12.3-12.3)
198704020506	ダ	右	1200	曇	稍重	13:30	4歳以上400万下		1987-8-1	2	新潟	5	4歳以上400万下	(馬齢)	11	180	1	11	130	1	8	370	6	10.0	2,000	11.0	6-8	240	1																							12.0 - 11.3 - 11.7 - 12.3 - 13.1 - 13.0	12.0 - 23.3 - 35.0 - 47.3 - 60.4 - 73.4 (12.0-12.0)
198704020507	ダ	右	1200	曇	稍重	14:00	4歳以上400万下		1987-8-1	2	新潟	5	4歳以上400万下	(馬齢)	10	360	2	10	140	2	11	330	6	8.0	120	1.0	7-8	1870	8																							12.2 - 11.3 - 11.7 - 12.6 - 13.0 - 13.2	12.2 - 23.5 - 35.2 - 47.8 - 60.8 - 74.0 (12.2-12.2)
198704020601	芝	右	1000	晴	良	10:30	3歳新馬		1987-8-2	2	新潟	6	3歳新馬	(馬齢)	2	110	1	2	100	1	4	100	2				2-4	120	1																							12.2 - 11.0 - 11.2 - 11.2 - 12.3	12.2 - 23.2 - 34.4 - 45.6 - 57.9 (12.2-12.2)
198704020602	芝	右	1200	晴	良	11:00	3歳未勝利		1987-8-2	2	新潟	6	3歳未勝利	[抽](馬齢)	5	750	3	5	140	3	8	110	1	3.0	120	2.0	5-6	770	2																							12.4 - 11.2 - 11.8 - 12.3 - 12.9 - 13.0	12.4 - 23.6 - 35.4 - 47.7 - 60.6 - 73.6 (12.4-12.4)
198704020603	ダ	右	1200	晴	良	11:30	4歳未勝利		1987-8-2	2	新潟	6	4歳未勝利	(馬齢)	9	190	1	9	120	1	2	810	9	8.0	290	6.0	2-8	4340	15																							11.9 - 11.3 - 11.7 - 12.4 - 13.9 - 14.2	11.9 - 23.2 - 34.9 - 47.3 - 61.2 - 75.4 (11.9-11.9)
198704020604	ダ	右	1200	晴	良	12:00	4歳未勝利		1987-8-2	2	新潟	6	4歳未勝利	(馬齢)	2	330	3	2	150	2	7	740	8	4.0	310	5.0	2-7	1760	6																							12.3 - 11.2 - 11.4 - 12.5 - 13.7 - 13.6	12.3 - 23.5 - 34.9 - 47.4 - 61.1 - 74.7 (12.3-12.3)
198704020605	芝	右	2000	晴	良	13:00	4歳未勝利		1987-8-2	2	新潟	6	4歳未勝利	(馬齢)	2	2740	9	2	570	9	1	350	6	9.0	280	5.0	1-2	10930	29																							12.5 - 11.6 - 12.5 - 12.6 - 12.3 - 12.1 - 12.6 - 12.8 - 11.8 - 12.8	12.5 - 24.1 - 36.6 - 49.2 - 61.5 - 73.6 - 86.2 - 99.0 - 110.8 - 123.6 (12.5-12.5)
198704020606	芝	右	1400	晴	良	13:30	4歳未勝利		1987-8-2	2	新潟	6	4歳未勝利	牝(馬齢)	12	860	3	12	170	3	1	110	1	2.0	140	2.0	1-7	760	3																							11.8 - 11.2 - 11.5 - 11.7 - 11.6 - 12.2 - 12.7	11.8 - 23.0 - 34.5 - 46.2 - 57.8 - 70.0 - 82.7 (11.8-11.8)
198704020701	ダ	右	1000	晴	良	11:00	3歳未勝利		1987-8-8	2	新潟	7	3歳未勝利	[抽](馬齢)	4	410	3	4	190	2	2	290	5				2-4	1600	9																							12.4 - 11.4 - 12.8 - 13.6 - 13.3	12.4 - 23.8 - 36.6 - 50.2 - 63.5 (12.4-12.4)
198704020702	芝	右	1000	晴	良	11:30	3歳新馬		1987-8-8	2	新潟	7	3歳新馬	(馬齢)	2	160	1	2	120	1	5	150	3				2-5	390	2																							11.9 - 11.0 - 11.1 - 11.6 - 12.3	11.9 - 22.9 - 34.0 - 45.6 - 57.9 (11.9-11.9)
198704020703	障		2800	晴	良	12:00	障害4歳以上400万下		1987-8-8	2	新潟	7	障害4歳以上400万下	(馬齢)	7	130	1	7	110	1	3	500	7	6.0	400	6.0	3-7	4610	12																								
198704020704	ダ	右	1200	晴	良	13:00	4歳未勝利		1987-8-8	2	新潟	7	4歳未勝利	(馬齢)	10	330	2	10	110	1	2	160	3	7.0	120	2.0	2-8	860	2																							12.2 - 11.3 - 11.6 - 12.1 - 13.4 - 13.6	12.2 - 23.5 - 35.1 - 47.2 - 60.6 - 74.2 (12.2-12.2)
198704020705	芝	右	1800	晴	良	13:30	4歳未勝利		1987-8-8	2	新潟	7	4歳未勝利	牝(馬齢)	11	260	1	11	110	1	7	200	5	10.0	140	2.0	6-8	750	4																							12.3 - 11.6 - 12.4 - 12.5 - 12.1 - 12.2 - 11.9 - 12.5 - 12.1	12.3 - 23.9 - 36.3 - 48.8 - 60.9 - 73.1 - 85.0 - 97.5 - 109.6 (12.3-12.3)
198704020706	芝	右	1200	晴	良	14:00	4歳未勝利		1987-8-8	2	新潟	7	4歳未勝利	(馬齢)	9	550	2	9	160	2	5	120	1	4.0	740	10.0	5-7	370	1																							12.2 - 10.8 - 11.2 - 11.5 - 11.8 - 12.8	12.2 - 23.0 - 34.2 - 45.7 - 57.5 - 70.3 (12.2-12.2)
198704020707	芝	右	1800	晴	良	14:35	4歳以上400万下		1987-8-8	2	新潟	7	4歳以上400万下	(馬齢)	9	2680	9	9	530	8	4	220	2	11.0	690	10.0	4-6	1880	8																							12.0 - 10.9 - 11.8 - 12.2 - 12.3 - 12.4 - 12.2 - 12.4 - 12.6	12.0 - 22.9 - 34.7 - 46.9 - 59.2 - 71.6 - 83.8 - 96.2 - 108.8 (12.0-12.0)
198704020708	芝	右	2200	曇	良	15:10	三面川特別 		1987-8-8	2	新潟	7	4歳以上400万下	(別定)	6	150	1	6	120	1	5	320	4				5-6	1110	4																							12.3 - 11.4 - 11.5 - 12.3 - 12.3 - 12.5 - 12.4 - 12.5 - 12.4 - 11.7 - 12.8	12.3 - 23.7 - 35.2 - 47.5 - 59.8 - 72.3 - 84.7 - 97.2 - 109.6 - 121.3 - 134.1 (12.3-12.3)
198704020709	芝	右	1200	曇	良	15:45	五頭連峰特別 		1987-8-8	2	新潟	7	4歳以上900万下	(混)(別定)	6	310	1	6	140	1	3	190	3	12.0	1,420	13.0	3-5	770	2																							12.1 - 10.9 - 11.3 - 11.4 - 11.9 - 11.9	12.1 - 23.0 - 34.3 - 45.7 - 57.6 - 69.5 (12.1-12.1)
198704020801	芝	右	1000	曇	良	10:20	3歳新馬		1987-8-9	2	新潟	8	3歳新馬	牝(馬齢)	3	110	1	3	100	1	1	120	2				1-3	180	1																							12.0 - 11.0 - 11.2 - 12.0 - 12.1	12.0 - 23.0 - 34.2 - 46.2 - 58.3 (12.0-12.0)
198704020802	ダ	右	1700	曇	良	10:45	4歳未勝利		1987-8-9	2	新潟	8	4歳未勝利	(父)(馬齢)	6	1670	5	6	430	5	9	730	8	2.0	690	7.0	6-8	10370	19																							7.3 - 11.6 - 12.7 - 12.8 - 12.8 - 13.0 - 13.7 - 14.7 - 14.1	7.3 - 18.9 - 31.6 - 44.4 - 57.2 - 70.2 - 83.9 - 98.6 - 112.7 (7.3-7.3)
198704020803	芝	右	1800	曇	良	11:10	4歳未勝利		1987-8-9	2	新潟	8	4歳未勝利	(混)(馬齢)	8	2610	7	8	570	7	2	210	4	4.0	270	5.0	2-7	1330	7																							12.3 - 11.6 - 12.5 - 12.6 - 12.7 - 12.1 - 11.8 - 12.0 - 12.5	12.3 - 23.9 - 36.4 - 49.0 - 61.7 - 73.8 - 85.6 - 97.6 - 110.1 (12.3-12.3)
198704020804	芝	右	1200	晴	良	11:35	3歳新馬		1987-8-9	2	新潟	8	3歳新馬	(混)(馬齢)	6	320	2	6	150	4	3	120	1	4.0	150	3.0	3-6	400	1																							11.9 - 10.8 - 11.1 - 11.4 - 12.3 - 13.3	11.9 - 22.7 - 33.8 - 45.2 - 57.5 - 70.8 (11.9-11.9)
198704020805	芝	右	1400	晴	良	12:00	4歳未勝利		1987-8-9	2	新潟	8	4歳未勝利	(馬齢)	3	170	1	3	120	1	7	150	3	6.0	160	4.0	3-7	910	4																							12.0 - 11.1 - 11.1 - 11.6 - 12.2 - 12.0 - 12.8	12.0 - 23.1 - 34.2 - 45.8 - 58.0 - 70.0 - 82.8 (12.0-12.0)
198704020806	芝	右	1400	晴	良	13:00	4歳未勝利		1987-8-9	2	新潟	8	4歳未勝利	(馬齢)	6	2570	7	6	330	7	8	160	3	4.0	140	2.0	6-8	5020	17																							11.8 - 11.3 - 11.2 - 11.8 - 11.9 - 12.7 - 12.7	11.8 - 23.1 - 34.3 - 46.1 - 58.0 - 70.7 - 83.4 (11.8-11.8)
198704020807	ダ	右	1700	晴	良	13:30	4歳以上400万下		1987-8-9	2	新潟	8	4歳以上400万下	(馬齢)	5	620	2	5	210	2	8	360	6	11.0	950	10.0	5-6	2450	9																							6.9 - 11.5 - 12.2 - 12.5 - 12.8 - 12.7 - 13.2 - 14.3 - 13.5	6.9 - 18.4 - 30.6 - 43.1 - 55.9 - 68.6 - 81.8 - 96.1 - 109.6 (6.9-6.9)
198704020808	芝	右	1800	晴	良	14:00	4歳以上400万下		1987-8-9	2	新潟	8	4歳以上400万下	牝(馬齢)	11	340	2	11	130	2	6	190	4	5.0	110	1.0	6-8	1240	5																							12.5 - 12.0 - 12.1 - 12.1 - 11.9 - 12.1 - 12.0 - 12.2 - 12.8	12.5 - 24.5 - 36.6 - 48.7 - 60.6 - 72.7 - 84.7 - 96.9 - 109.7 (12.5-12.5)
198704020809	芝	右	1600	晴	良	14:35	越路特別 		1987-8-9	2	新潟	8	4歳以上400万下	(別定)	4	240	1	4	130	2	1	270	6	9.0	160	3.0	1-4	1290	8																							11.8 - 11.2 - 11.3 - 11.5 - 11.8 - 11.9 - 11.8 - 12.5	11.8 - 23.0 - 34.3 - 45.8 - 57.6 - 69.5 - 81.3 - 93.8 (11.8-11.8)
198704020810	芝	右	2000	晴	良	15:10	朱鷺ステークス 		1987-8-9	2	新潟	8	4歳以上900万下	(ハンデ)	3	280	1	3	140	1	2	270	5	11.0	320	6.0	2-3	1510	6																							12.3 - 11.6 - 12.2 - 12.6 - 11.9 - 12.1 - 12.1 - 11.8 - 11.3 - 12.8	12.3 - 23.9 - 36.1 - 48.7 - 60.6 - 72.7 - 84.8 - 96.6 - 107.9 - 120.7 (12.3-12.3)
198704020811	芝	右	1600	晴	良	15:45	関屋記念	G3	1987-8-9	2	新潟	8	4歳以上オープン	(別定)	9	1710	6	9	280	6	5	250	5	1.0	110	1.0	5-8	8370	18																							11.7 - 11.1 - 10.8 - 11.3 - 12.0 - 11.7 - 11.8 - 12.8	11.7 - 22.8 - 33.6 - 44.9 - 56.9 - 68.6 - 80.4 - 93.2 (11.7-11.7)
198704020812	芝	右	1200	晴	良	16:20	4歳以上400万下		1987-8-9	2	新潟	8	4歳以上400万下	(馬齢)	13	680	2	13	230	2	11	260	4	6.0	330	8.0	6-7	2370	13																							11.4 - 10.8 - 10.9 - 11.6 - 11.9 - 12.8	11.4 - 22.2 - 33.1 - 44.7 - 56.6 - 69.4 (11.4-11.4)
198704030101	芝	右	1200	晴	良	11:00	3歳未勝利		1987-8-15	3	新潟	1	3歳未勝利	[抽](馬齢)	12	170	1	12	110	1	1	800	11	9.0	130	2.0	1-8	4830	17																							12.5 - 11.0 - 11.6 - 12.1 - 13.0 - 13.0	12.5 - 23.5 - 35.1 - 47.2 - 60.2 - 73.2 (12.5-12.5)
198704030102	芝	右	1000	晴	良	11:30	3歳新馬		1987-8-15	3	新潟	1	3歳新馬	(馬齢)	4	170	2	4	100	2	5	100	1				4-5	130	1																							12.4 - 10.9 - 11.3 - 11.8 - 12.5	12.4 - 23.3 - 34.6 - 46.4 - 58.9 (12.4-12.4)
198704030103	障		2800	晴	良	12:00	障害4歳以上未勝利		1987-8-15	3	新潟	1	障害4歳以上未勝利	(馬齢)	2	300	2	2	130	2	7	100	1	9.0	180	5.0	2-7	390	1																								
198704030104	ダ	右	1000	晴	良	13:00	4歳未勝利		1987-8-15	3	新潟	1	4歳未勝利	(馬齢)	11	360	2	11	120	2	8	100	1	7.0	130	3.0	7-8	310	1																							12.6 - 11.1 - 12.3 - 12.7 - 13.2	12.6 - 23.7 - 36.0 - 48.7 - 61.9 (12.6-12.6)
198704030105	芝	右	1800	晴	良	13:30	4歳未勝利		1987-8-15	3	新潟	1	4歳未勝利	(馬齢)	2	320	2	2	130	2	11	110	1	3.0	180	4.0	2-8	400	1																							13.0 - 11.6 - 12.0 - 12.1 - 11.7 - 12.1 - 12.3 - 12.1 - 12.5	13.0 - 24.6 - 36.6 - 48.7 - 60.4 - 72.5 - 84.8 - 96.9 - 109.4 (13.0-13.0)
198704030106	芝	右	1600	晴	良	14:00	4歳未勝利		1987-8-15	3	新潟	1	4歳未勝利	(馬齢)	3	650	4	3	210	4	8	200	3	1.0	530	9.0	3-6	750	3																							13.0 - 10.6 - 11.4 - 11.5 - 12.3 - 12.2 - 12.0 - 13.1	13.0 - 23.6 - 35.0 - 46.5 - 58.8 - 71.0 - 83.0 - 96.1 (13.0-13.0)
198704030107	ダ	右	1700	晴	良	14:35	4歳以上400万下		1987-8-15	3	新潟	1	4歳以上400万下	(馬齢)	4	290	1	4	150	2	9	290	5	5.0	540	8.0	4-7	420	1																							7.4 - 11.1 - 12.3 - 13.0 - 13.1 - 12.6 - 13.1 - 14.0 - 13.6	7.4 - 18.5 - 30.8 - 43.8 - 56.9 - 69.5 - 82.6 - 96.6 - 110.2 (7.4-7.4)
198704030201	芝	右	1800	曇	良	10:30	4歳未勝利		1987-8-16	3	新潟	2	4歳未勝利	牝(馬齢)	5	450	1	5	150	1	10	180	3	13.0	250	6.0	4-7	1060	4																							12.8 - 11.6 - 12.3 - 12.7 - 12.8 - 12.3 - 11.8 - 11.8 - 12.6	12.8 - 24.4 - 36.7 - 49.4 - 62.2 - 74.5 - 86.3 - 98.1 - 110.7 (12.8-12.8)
198704030202	芝	右	1200	晴	良	11:00	3歳新馬		1987-8-16	3	新潟	2	3歳新馬	(混)(馬齢)	5	860	5	5	390	5	6	230	3				5-6	1570	8																							12.4 - 11.0 - 11.3 - 11.5 - 11.8 - 12.5	12.4 - 23.4 - 34.7 - 46.2 - 58.0 - 70.5 (12.4-12.4)
198704030203	芝	右	1000	晴	良	11:30	3歳新馬		1987-8-16	3	新潟	2	3歳新馬	牝(馬齢)	2	1590	5	2	560	5	3	360	4				2-3	2970	10																							12.8 - 11.2 - 11.9 - 11.8 - 11.9	12.8 - 24.0 - 35.9 - 47.7 - 59.6 (12.8-12.8)
198704030204	ダ	右	1700	曇	良	12:00	4歳未勝利		1987-8-16	3	新潟	2	4歳未勝利	(馬齢)	3	180	1	3	130	1	8	280	7	4.0	190	3.0	3-8	1040	5																							7.5 - 11.6 - 13.5 - 14.1 - 13.6 - 12.8 - 12.8 - 12.7 - 12.3	7.5 - 19.1 - 32.6 - 46.7 - 60.3 - 73.1 - 85.9 - 98.6 - 110.9 (7.5-7.5)
198704030205	ダ	右	1700	曇	良	13:00	4歳未勝利		1987-8-16	3	新潟	2	4歳未勝利	(馬齢)	2	1030	5	2	310	5	9	1,040	10	7.0	350	6.0	2-8	2440	10																							7.1 - 11.5 - 12.9 - 12.7 - 13.0 - 13.1 - 13.5 - 14.0 - 13.4	7.1 - 18.6 - 31.5 - 44.2 - 57.2 - 70.3 - 83.8 - 97.8 - 111.2 (7.1-7.1)
198704030206	芝	右	1200	曇	良	13:30	4歳未勝利		1987-8-16	3	新潟	2	4歳未勝利	(馬齢)	3	570	2	3	210	4	2	190	2	11.0	230	6.0	2-3	1230	6																							12.5 - 10.9 - 11.4 - 11.5 - 11.9 - 12.1	12.5 - 23.4 - 34.8 - 46.3 - 58.2 - 70.3 (12.5-12.5)
198704030207	芝	右	1400	曇	良	14:00	4歳以上400万下		1987-8-16	3	新潟	2	4歳以上400万下	(父)(馬齢)	4	800	3	4	190	4	8	130	1	13.0	140	2.0	3-5	680	2																							12.8 - 10.7 - 11.3 - 11.5 - 12.1 - 12.3 - 12.4	12.8 - 23.5 - 34.8 - 46.3 - 58.4 - 70.7 - 83.1 (12.8-12.8)
198704030208	ダ	右	1700	曇	良	14:35	八海山特別 		1987-8-16	3	新潟	2	4歳以上400万下	(馬齢)	1	250	1	1	130	1	7	240	6	6.0	170	3.0	1-7	1590	8																							7.1 - 11.7 - 12.3 - 12.6 - 12.9 - 12.4 - 12.8 - 13.1 - 13.3	7.1 - 18.8 - 31.1 - 43.7 - 56.6 - 69.0 - 81.8 - 94.9 - 108.2 (7.1-7.1)
198704030209	芝	右	1800	曇	良	15:10	春日山特別 		1987-8-16	3	新潟	2	4歳以上400万下	牝(馬齢)	8	400	3	8	140	2	4	120	1	7.0	140	4.0	4-8	570	1																							12.4 - 11.7 - 12.2 - 12.0 - 11.9 - 12.2 - 12.4 - 12.2 - 12.7	12.4 - 24.1 - 36.3 - 48.3 - 60.2 - 72.4 - 84.8 - 97.0 - 109.7 (12.4-12.4)
198704030210	芝	右	1400	曇	良	15:45	飯豊特別 		1987-8-16	3	新潟	2	4歳以上900万下	(ハンデ)	7	440	3	7	170	3	1	120	1				1-7	340	1																							12.4 - 10.4 - 11.0 - 11.8 - 12.1 - 11.9 - 12.0	12.4 - 22.8 - 33.8 - 45.6 - 57.7 - 69.6 - 81.6 (12.4-12.4)
198704030211	芝	右	1600	曇	良	16:20	4歳以上400万下		1987-8-16	3	新潟	2	4歳以上400万下	(混)(馬齢)	13	230	1	13	140	2	9	270	5	6.0	580	8.0	6-8	1630	6																							12.9 - 10.9 - 11.6 - 11.5 - 11.9 - 11.9 - 11.9 - 12.7	12.9 - 23.8 - 35.4 - 46.9 - 58.8 - 70.7 - 82.6 - 95.3 (12.9-12.9)
198704030301	ダ	右	1200	小雨	不良	10:30	3歳未勝利		1987-8-22	3	新潟	3	3歳未勝利	[抽](馬齢)	7	1490	4	7	310	4	6	320	5	1.0	170	3.0	6-7	3980	12																							13.2 - 11.5 - 12.3 - 13.2 - 13.5 - 13.7	13.2 - 24.7 - 37.0 - 50.2 - 63.7 - 77.4 (13.2-13.2)
198704030302	芝	右	1000	小雨	重	11:00	3歳新馬		1987-8-22	3	新潟	3	3歳新馬	(馬齢)	7	730	4	7	200	4	5	270	6	3.0	130	1.0	5-7	4000	16																							12.7 - 11.1 - 11.9 - 11.7 - 12.1	12.7 - 23.8 - 35.7 - 47.4 - 59.5 (12.7-12.7)
198704030303	芝	右	1400	小雨	重	11:30	4歳未勝利		1987-8-22	3	新潟	3	4歳未勝利	(馬齢)	10	2510	8	10	360	8	7	110	2	4.0	110	1.0	7-8	1820	9																							12.9 - 10.6 - 11.3 - 12.0 - 12.0 - 12.2 - 12.7	12.9 - 23.5 - 34.8 - 46.8 - 58.8 - 71.0 - 83.7 (12.9-12.9)
198704030304	障		2800	雨	重	12:00	障害4歳以上オープン		1987-8-22	3	新潟	3	障害4歳以上オープン	(別定)	3	710	3	3	230	5	2	380	7	6.0	120	1.0	2-3	4840	17																								
198704030305	芝	右	2000	曇	不良	13:00	4歳未勝利		1987-8-22	3	新潟	3	4歳未勝利	(混)(馬齢)	11	970	5	11	220	5	1	170	3	8.0	110	1.0	1-8	1150	5																							12.7 - 11.9 - 12.2 - 12.6 - 12.4 - 12.3 - 12.7 - 12.1 - 12.4 - 12.8	12.7 - 24.6 - 36.8 - 49.4 - 61.8 - 74.1 - 86.8 - 98.9 - 111.3 - 124.1 (12.7-12.7)
198704030306	芝	右	1400	曇	不良	13:30	4歳未勝利		1987-8-22	3	新潟	3	4歳未勝利	(馬齢)	1	200	1	1	110	1	9	130	2	8.0	280	7.0	1-8	310	1																							12.7 - 10.6 - 11.2 - 11.7 - 12.1 - 12.2 - 13.1	12.7 - 23.3 - 34.5 - 46.2 - 58.3 - 70.5 - 83.6 (12.7-12.7)
198704030307	芝	右	2200	曇	不良	14:00	4歳以上400万下		1987-8-22	3	新潟	3	4歳以上400万下	(馬齢)	2	180	1	2	120	1	7	260	5	1.0	230	4.0	2-7	280	1																							12.6 - 11.6 - 12.1 - 13.3 - 13.1 - 12.7 - 12.7 - 12.4 - 11.7 - 12.0 - 12.5	12.6 - 24.2 - 36.3 - 49.6 - 62.7 - 75.4 - 88.1 - 100.5 - 112.2 - 124.2 - 136.7 (12.6-12.6)
198704030308	ダ	右	1700	曇	不良	14:35	4歳以上400万下		1987-8-22	3	新潟	3	4歳以上400万下	(馬齢)	12	950	5	12	220	5	10	180	3	1.0	130	1.0	7-8	1150	6																							7.3 - 11.0 - 12.3 - 12.9 - 13.1 - 13.2 - 13.3 - 12.8 - 12.6	7.3 - 18.3 - 30.6 - 43.5 - 56.6 - 69.8 - 83.1 - 95.9 - 108.5 (7.3-7.3)
198704030309	芝	右	1200	曇	不良	15:10	湯沢特別 		1987-8-22	3	新潟	3	4歳以上400万下	(別定)	7	180	1	7	110	1	6	130	2	4.0	140	3.0	6-7	490	2																							12.2 - 10.9 - 11.2 - 11.7 - 11.9 - 12.1	12.2 - 23.1 - 34.3 - 46.0 - 57.9 - 70.0 (12.2-12.2)
198704030501	芝	右	1200	曇	重	11:00	3歳未勝利		1987-8-29	3	新潟	5	3歳未勝利	[抽](馬齢)	1	240	1	1	140	1	9	480	7	4.0	860	10.0	1-7	600	1																							13.0 - 11.3 - 12.1 - 12.4 - 12.7 - 12.6	13.0 - 24.3 - 36.4 - 48.8 - 61.5 - 74.1 (13.0-13.0)
198704030502	ダ	右	1700	曇	重	11:30	4歳未勝利		1987-8-29	3	新潟	5	4歳未勝利	(馬齢)	11	270	1	11	140	1	9	240	6	2.0	180	3.0	7-8	610	2																							7.3 - 11.0 - 12.9 - 13.3 - 14.0 - 13.1 - 12.9 - 12.5 - 12.6	7.3 - 18.3 - 31.2 - 44.5 - 58.5 - 71.6 - 84.5 - 97.0 - 109.6 (7.3-7.3)
198704030503	障		2800	曇	重	12:00	障害4歳以上未勝利		1987-8-29	3	新潟	5	障害4歳以上未勝利	(馬齢)	4	960	4	4	240	4	7	160	2	2.0	500	7.0	4-7	1860	7																								
198704030504	芝	右	1800	晴	稍重	13:00	4歳未勝利		1987-8-29	3	新潟	5	4歳未勝利	(馬齢)	9	1640	6	9	480	8	6	170	3	7.0	290	5.0	5-7	2860	12																							12.6 - 11.4 - 11.8 - 12.8 - 12.7 - 12.4 - 12.8 - 12.6 - 12.3	12.6 - 24.0 - 35.8 - 48.6 - 61.3 - 73.7 - 86.5 - 99.1 - 111.4 (12.6-12.6)
198704030505	芝	右	1200	晴	稍重	13:30	4歳未勝利		1987-8-29	3	新潟	5	4歳未勝利	牝(馬齢)	11	150	1	11	120	1	13	170	3	9.0	680	9.0	6-7	450	2																							12.5 - 10.9 - 11.5 - 11.7 - 12.0 - 11.9	12.5 - 23.4 - 34.9 - 46.6 - 58.6 - 70.5 (12.5-12.5)
198704030506	ダ	右	1700	晴	稍重	14:00	4歳以上400万下		1987-8-29	3	新潟	5	4歳以上400万下	(馬齢)	5	230	1	5	100	1	2	110	2	1.0	120	3.0	2-5	280	1																							7.3 - 10.9 - 12.1 - 12.6 - 13.2 - 13.3 - 13.0 - 13.7 - 13.8	7.3 - 18.2 - 30.3 - 42.9 - 56.1 - 69.4 - 82.4 - 96.1 - 109.9 (7.3-7.3)
198704030507	ダ	右	1700	晴	稍重	14:35	4歳以上400万下		1987-8-29	3	新潟	5	4歳以上400万下	(馬齢)	7	250	2	7	110	1	8	140	3	3.0	150	4.0	7-8	640	3																							7.5 - 11.1 - 12.1 - 12.6 - 13.1 - 13.0 - 13.2 - 13.6 - 13.5	7.5 - 18.6 - 30.7 - 43.3 - 56.4 - 69.4 - 82.6 - 96.2 - 109.7 (7.5-7.5)
198704030508	芝	右	1400	晴	稍重	15:10	越後特別 		1987-8-29	3	新潟	5	4歳以上400万下	(別定)	7	300	2	7	120	2	2	290	7	3.0	110	1.0	2-7	2910	11																							12.7 - 10.9 - 11.8 - 12.0 - 11.9 - 11.7 - 12.1	12.7 - 23.6 - 35.4 - 47.4 - 59.3 - 71.0 - 83.1 (12.7-12.7)
198704030601	芝	右	1200	晴	良	10:30	3歳未勝利		1987-8-30	3	新潟	6	3歳未勝利	(馬齢)	4	450	3	4	140	2	5	120	1				4-5	390	2																							12.5 - 11.1 - 11.4 - 11.7 - 12.4 - 12.8	12.5 - 23.6 - 35.0 - 46.7 - 59.1 - 71.9 (12.5-12.5)
198704030602	芝	右	1200	晴	良	11:00	3歳新馬		1987-8-30	3	新潟	6	3歳新馬	(混)(馬齢)	5	1490	3	5	210	3	4	110	1				4-5	500	2																							12.4 - 10.9 - 11.8 - 11.8 - 12.1 - 12.5	12.4 - 23.3 - 35.1 - 46.9 - 59.0 - 71.5 (12.4-12.4)
198704030603	ダ	右	1200	晴	良	11:30	4歳未勝利		1987-8-30	3	新潟	6	4歳未勝利	(馬齢)	9	3130	7	9	480	7	12	220	4	7.0	130	1.0	7-8	9950	22																							12.6 - 11.3 - 11.9 - 13.0 - 13.2 - 13.1	12.6 - 23.9 - 35.8 - 48.8 - 62.0 - 75.1 (12.6-12.6)
198704030604	芝	右	1600	晴	良	12:00	4歳未勝利		1987-8-30	3	新潟	6	4歳未勝利	(馬齢)	13	250	1	13	110	1	7	120	2	3.0	150	3.0	5-8	430	1																							13.2 - 10.9 - 11.4 - 11.6 - 12.2 - 12.3 - 12.1 - 12.5	13.2 - 24.1 - 35.5 - 47.1 - 59.3 - 71.6 - 83.7 - 96.2 (13.2-13.2)
198704030605	芝	右	1200	晴	良	13:00	4歳以上400万下		1987-8-30	3	新潟	6	4歳以上400万下	牝(馬齢)	3	250	1	3	150	2	2	320	7	6.0	310	6.0	2-3	1970	9																							12.2 - 10.5 - 11.1 - 11.8 - 12.0 - 12.4	12.2 - 22.7 - 33.8 - 45.6 - 57.6 - 70.0 (12.2-12.2)
198704030606	ダ	右	1700	晴	良	13:30	4歳以上400万下		1987-8-30	3	新潟	6	4歳以上400万下	(馬齢)	9	380	2	9	130	2	8	150	3	3.0	120	1.0	7-7	1230	6																							7.0 - 11.6 - 12.3 - 12.7 - 12.7 - 12.7 - 13.1 - 13.0 - 13.0	7.0 - 18.6 - 30.9 - 43.6 - 56.3 - 69.0 - 82.1 - 95.1 - 108.1 (7.0-7.0)
198704030607	芝	右	2000	晴	良	14:00	4歳以上400万下		1987-8-30	3	新潟	6	4歳以上400万下	(馬齢)	2	240	2	2	120	2	7	360	8	4.0	120	1.0	2-7	1620	8																							12.8 - 11.8 - 12.1 - 12.0 - 11.9 - 12.0 - 12.3 - 12.2 - 12.4 - 13.0	12.8 - 24.6 - 36.7 - 48.7 - 60.6 - 72.6 - 84.9 - 97.1 - 109.5 - 122.5 (12.8-12.8)
198704030608	芝	右	1800	晴	良	14:35	石打特別 		1987-8-30	3	新潟	6	4歳以上400万下	(混)(別定)	7	270	2	7	120	2	5	100	1	3.0	140	4.0	5-7	330	1																							12.9 - 12.0 - 12.2 - 12.1 - 11.9 - 11.9 - 11.8 - 11.7 - 12.6	12.9 - 24.9 - 37.1 - 49.2 - 61.1 - 73.0 - 84.8 - 96.5 - 109.1 (12.9-12.9)
198704030609	芝	右	1200	晴	良	15:10	三国特別 		1987-8-30	3	新潟	6	4歳以上900万下	(別定)	1	320	2	1	140	2	5	120	1	6.0	260	6.0	1-5	460	1																							12.0 - 10.5 - 11.0 - 11.4 - 12.2 - 12.4	12.0 - 22.5 - 33.5 - 44.9 - 57.1 - 69.5 (12.0-12.0)
198704030610	芝	右	2000	晴	良	15:45	新潟記念	G3	1987-8-30	3	新潟	6	4歳以上オープン	(ハンデ)	1	440	3	1	160	2	5	200	4	7.0	170	3.0	1-5	1670	9																							13.1 - 12.3 - 12.9 - 12.7 - 12.3 - 11.9 - 11.8 - 11.5 - 11.2 - 12.2	13.1 - 25.4 - 38.3 - 51.0 - 63.3 - 75.2 - 87.0 - 98.5 - 109.7 - 121.9 (13.1-13.1)
198704030701	ダ	右	1200	曇	良	11:00	3歳未勝利		1987-9-5	3	新潟	7	3歳未勝利	[抽](馬齢)	4	120	1	4	110	1	6	200	4				4-6	580	3																							13.1 - 11.4 - 12.3 - 13.2 - 13.5 - 13.5	13.1 - 24.5 - 36.8 - 50.0 - 63.5 - 77.0 (13.1-13.1)
198704030702	芝	右	1000	晴	良	11:30	3歳新馬		1987-9-5	3	新潟	7	3歳新馬	(馬齢)	4	220	1	4	150	1	2	280	5				2-4	1220	7																							12.6 - 11.2 - 11.6 - 11.5 - 12.1	12.6 - 23.8 - 35.4 - 46.9 - 59.0 (12.6-12.6)
198704030703	障		2800	晴	良	12:00	障害4歳以上400万下		1987-9-5	3	新潟	7	障害4歳以上400万下	(混)(馬齢)	8	120	1	8	100	1	7	120	2	3.0	170	3.0	7-8	220	1																								
198704030704	ダ	右	1700	晴	良	13:00	4歳未勝利		1987-9-5	3	新潟	7	4歳未勝利	(馬齢)	3	240	1	3	130	1	2	1,080	9	1.0	240	5.0	2-3	10600	23																							7.2 - 12.1 - 12.7 - 13.0 - 13.2 - 12.9 - 12.9 - 13.7 - 13.6	7.2 - 19.3 - 32.0 - 45.0 - 58.2 - 71.1 - 84.0 - 97.7 - 111.3 (7.2-7.2)
198704030705	芝	右	2000	晴	良	13:30	4歳未勝利		1987-9-5	3	新潟	7	4歳未勝利	(馬齢)	2	1050	4	2	170	4	4	120	2	9.0	120	1.0	2-4	890	5																							12.7 - 11.6 - 12.9 - 12.7 - 12.4 - 12.6 - 12.3 - 11.5 - 12.4 - 12.9	12.7 - 24.3 - 37.2 - 49.9 - 62.3 - 74.9 - 87.2 - 98.7 - 111.1 - 124.0 (12.7-12.7)
198704030706	芝	右	1400	晴	良	14:00	4歳以上400万下		1987-9-5	3	新潟	7	4歳以上400万下	(馬齢)	11	190	1	11	120	1	6	200	4	13.0	400	7.0	4-7	290	1																							12.4 - 10.7 - 11.1 - 11.7 - 11.9 - 12.3 - 12.9	12.4 - 23.1 - 34.2 - 45.9 - 57.8 - 70.1 - 83.0 (12.4-12.4)
198704030707	芝	右	1400	晴	良	14:35	4歳以上400万下		1987-9-5	3	新潟	7	4歳以上400万下	(馬齢)	6	2380	10	6	610	11	1	140	1	2.0	1,260	12.0	1-4	1000	3																							12.6 - 10.5 - 11.1 - 11.6 - 12.1 - 12.2 - 12.8	12.6 - 23.1 - 34.2 - 45.8 - 57.9 - 70.1 - 82.9 (12.6-12.6)
198704030708	芝	右	1600	晴	良	15:10	岩室特別 		1987-9-5	3	新潟	7	4歳以上400万下	(別定)	4	1180	4	4	270	4	1	160	2	10.0	160	3.0	1-4	2670	11																							12.9 - 10.8 - 11.7 - 11.3 - 12.1 - 12.1 - 11.6 - 12.6	12.9 - 23.7 - 35.4 - 46.7 - 58.8 - 70.9 - 82.5 - 95.1 (12.9-12.9)
198704030801	芝	右	1000	晴	良	10:30	3歳未勝利		1987-9-6	3	新潟	8	3歳未勝利	(混)(馬齢)	2	170	1	2	110	1	3	120	2				2-3	190	1																							12.5 - 11.1 - 11.8 - 11.5 - 12.2	12.5 - 23.6 - 35.4 - 46.9 - 59.1 (12.5-12.5)
198704030802	芝	右	1200	晴	良	11:00	3歳新馬		1987-9-6	3	新潟	8	3歳新馬	(馬齢)	3	170	1	3	110	1	5	520	5				3-5	1450	5																							12.8 - 11.3 - 11.7 - 12.1 - 12.0 - 12.1	12.8 - 24.1 - 35.8 - 47.9 - 59.9 - 72.0 (12.8-12.8)
198704030803	ダ	右	1200	晴	良	11:30	4歳未勝利		1987-9-6	3	新潟	8	4歳未勝利	(馬齢)	6	6060	9	6	890	8	7	250	4	2.0	330	7.0	6-7	11340	22																							12.4 - 11.4 - 11.8 - 12.4 - 13.2 - 13.2	12.4 - 23.8 - 35.6 - 48.0 - 61.2 - 74.4 (12.4-12.4)
198704030804	芝	右	1400	晴	良	12:00	4歳未勝利		1987-9-6	3	新潟	8	4歳未勝利	(混)(馬齢)	9	870	3	9	240	3	5	510	8	4.0	170	2.0	5-8	8960	21																							12.5 - 10.7 - 11.2 - 11.8 - 12.0 - 12.5 - 12.6	12.5 - 23.2 - 34.4 - 46.2 - 58.2 - 70.7 - 83.3 (12.5-12.5)
198704030805	芝	右	1800	晴	良	13:00	4歳未勝利		1987-9-6	3	新潟	8	4歳未勝利	(馬齢)	11	280	1	11	140	1	2	200	4	4.0	450	8.0	2-8	880	3																							12.5 - 11.7 - 12.7 - 13.1 - 12.4 - 12.2 - 11.9 - 11.8 - 13.1	12.5 - 24.2 - 36.9 - 50.0 - 62.4 - 74.6 - 86.5 - 98.3 - 111.4 (12.5-12.5)
198704030806	芝	右	1400	晴	良	13:30	4歳未勝利		1987-9-6	3	新潟	8	4歳未勝利	(混)(馬齢)	7	160	1	7	110	1	4	170	3	10.0	230	5.0	4-7	550	2																							12.6 - 10.5 - 11.4 - 12.0 - 11.9 - 12.3 - 13.1	12.6 - 23.1 - 34.5 - 46.5 - 58.4 - 70.7 - 83.8 (12.6-12.6)
198704030807	ダ	右	1700	晴	良	14:00	4歳以上400万下		1987-9-6	3	新潟	8	4歳以上400万下	(馬齢)	4	540	3	4	150	3	1	110	1	6.0	150	4.0	1-4	610	2																							7.3 - 11.2 - 12.4 - 12.8 - 13.0 - 13.1 - 13.0 - 12.9 - 13.5	7.3 - 18.5 - 30.9 - 43.7 - 56.7 - 69.8 - 82.8 - 95.7 - 109.2 (7.3-7.3)
198704030808	芝	右	1600	晴	良	14:35	赤倉特別 		1987-9-6	3	新潟	8	4歳以上900万下	(混)(別定)	1	1200	6	1	450	5	5	310	2				1-5	3660	15																							12.4 - 11.0 - 11.8 - 12.0 - 12.3 - 12.0 - 11.0 - 12.1	12.4 - 23.4 - 35.2 - 47.2 - 59.5 - 71.5 - 82.5 - 94.6 (12.4-12.4)
198704030809	芝	右	2000	晴	良	15:10	羽黒山特別 		1987-9-6	3	新潟	8	4歳以上400万下	(別定)	7	200	1	7	130	1	10	370	7	8.0	250	3.0	7-8	820	2																							12.8 - 12.1 - 13.0 - 12.6 - 12.2 - 12.4 - 12.2 - 11.7 - 11.7 - 12.1	12.8 - 24.9 - 37.9 - 50.5 - 62.7 - 75.1 - 87.3 - 99.0 - 110.7 - 122.8 (12.8-12.8)
198704030810	芝	右	1200	晴	良	15:45	新潟3歳ステークス	G3	1987-9-6	3	新潟	8	3歳オープン	(馬齢)	1	180	1	1	110	1	6	130	2				1-6	260	1																							12.0 - 10.6 - 11.3 - 11.5 - 11.8 - 12.3	12.0 - 22.6 - 33.9 - 45.4 - 57.2 - 69.5 (12.0-12.0)
198704010208	芝	右	1400	晴	良	14:05	4歳以上400万下		1987-4-19	1	新潟	2	4歳以上400万下	(馬齢)	3	730	3	3	310	4	10	750	9	5.0	230	3.0	3-7	1980	9																							12.9 - 11.2 - 11.7 - 12.2 - 12.3 - 11.5 - 11.8	12.9 - 24.1 - 35.8 - 48.0 - 60.3 - 71.8 - 83.6 (12.9-12.9)
198704010401	芝	右	1400	晴	良	10:30	4歳以上300万下		1987-4-29	1	新潟	4	4歳以上300万下	[抽](馬齢)	7	410	2	7	190	3	3	190	2				3-7	1130	5																							13.0 - 11.3 - 11.3 - 12.2 - 12.0 - 12.6 - 12.8	13.0 - 24.3 - 35.6 - 47.8 - 59.8 - 72.4 - 85.2 (13.0-13.0)
198704010402	芝	右	1600	晴	良	11:00	4歳未出走		1987-4-29	1	新潟	4	4歳未出走	(馬齢)	6	190	1	6	170	2	5	250	4				5-6	800	3																							12.0 - 11.0 - 11.6 - 11.6 - 12.4 - 12.4 - 13.4 - 13.1	12.0 - 23.0 - 34.6 - 46.2 - 58.6 - 71.0 - 84.4 - 97.5 (12.0-12.0)
198704010403	芝	右	1200	晴	良	11:30	4歳未出走		1987-4-29	1	新潟	4	4歳未出走	(馬齢)	1	350	1	1	150	3	2	290	6	4.0	150	2.0	1-2	3060	13																							12.4 - 11.0 - 11.8 - 11.7 - 12.4 - 12.6	12.4 - 23.4 - 35.2 - 46.9 - 59.3 - 71.9 (12.4-12.4)
198704010404	ダ	右	1700	晴	良	12:00	4歳未勝利		1987-4-29	1	新潟	4	4歳未勝利	牝(馬齢)	9	340	2	9	150	2	6	430	8	5.0	170	3.0	6-8	2870	12																							7.1 - 11.6 - 12.8 - 12.8 - 13.5 - 12.8 - 13.3 - 13.6 - 14.3	7.1 - 18.7 - 31.5 - 44.3 - 57.8 - 70.6 - 83.9 - 97.5 - 111.8 (7.1-7.1)
198704010510	芝	右	1600	曇	良	16:20	4歳以上400万下		1987-5-2	1	新潟	5	4歳以上400万下	(馬齢)	7	280	1	7	130	1	5	160	2	9.0	180	4.0	4-5	660	3																							12.6 - 11.3 - 11.6 - 11.5 - 12.0 - 12.0 - 12.7 - 13.0	12.6 - 23.9 - 35.5 - 47.0 - 59.0 - 71.0 - 83.7 - 96.7 (12.6-12.6)
198704020301	芝	右	1200	曇	不良	11:00	3歳未勝利		1987-7-25	2	新潟	3	3歳未勝利	[抽](馬齢)	1	170	1	1	110	1	4	140	3	9.0	130	2.0	1-4	700	3																							12.5 - 11.4 - 11.5 - 11.6 - 12.6 - 13.2	12.5 - 23.9 - 35.4 - 47.0 - 59.6 - 72.8 (12.5-12.5)
198704020302	芝	右	1000	曇	不良	11:30	3歳新馬		1987-7-25	2	新潟	3	3歳新馬	(馬齢)	2	380	2	2	120	2	3	100	1				2-3	150	1																							12.0 - 10.9 - 11.3 - 12.3 - 12.1	12.0 - 22.9 - 34.2 - 46.5 - 58.6 (12.0-12.0)
198704020303	障		2800	曇	不良	12:00	障害4歳以上未勝利		1987-7-25	2	新潟	3	障害4歳以上未勝利	(混)(馬齢)	5	140	1	5	120	1	3	290	4				3-5	680	3																								
198704020304	ダ	右	1000	曇	不良	13:00	4歳未勝利		1987-7-25	2	新潟	3	4歳未勝利	(馬齢)	1	750	3	1	200	4	3	210	5	8.0	120	1.0	1-3	3830	16																							12.3 - 10.9 - 11.9 - 12.7 - 12.9	12.3 - 23.2 - 35.1 - 47.8 - 60.7 (12.3-12.3)
198704020305	芝	右	2000	雨	不良	13:30	4歳未勝利		1987-7-25	2	新潟	3	4歳未勝利	(馬齢)	1	1100	6	1	320	6	2	470	9	10.0	170	2.0	1-2	7560	19																							12.2 - 11.5 - 12.8 - 12.8 - 12.5 - 12.6 - 12.7 - 12.1 - 11.7 - 12.0	12.2 - 23.7 - 36.5 - 49.3 - 61.8 - 74.4 - 87.1 - 99.2 - 110.9 - 122.9 (12.2-12.2)
198704020306	芝	右	1600	曇	不良	14:00	4歳未勝利		1987-7-25	2	新潟	3	4歳未勝利	(父)(馬齢)	5	540	3	5	150	3	2	240	5	3.0	110	1.0	2-5	3380	10																							12.2 - 11.8 - 11.6 - 11.5 - 12.2 - 12.2 - 12.1 - 12.7	12.2 - 24.0 - 35.6 - 47.1 - 59.3 - 71.5 - 83.6 - 96.3 (12.2-12.2)
198704020308	芝	右	1800	曇	不良	15:10	笹山特別 		1987-7-25	2	新潟	3	4歳以上400万下	(別定)	4	6080	9	4	1,050	9	2	260	6	7.0	150	2.0	2-4	23420	29																							12.4 - 11.5 - 12.0 - 12.2 - 12.0 - 11.8 - 11.9 - 12.7 - 12.5	12.4 - 23.9 - 35.9 - 48.1 - 60.1 - 71.9 - 83.8 - 96.5 - 109.0 (12.4-12.4)
198704020309	芝	右	1400	曇	不良	15:45	加治川特別 		1987-7-25	2	新潟	3	4歳以上900万下	牝(別定)	8	630	3	8	210	3	6	360	8	1.0	280	4.0	6-8	5700	19																							11.5 - 11.1 - 11.2 - 11.5 - 12.0 - 12.2 - 12.8	11.5 - 22.6 - 33.8 - 45.3 - 57.3 - 69.5 - 82.3 (11.5-11.5)
198704020310	芝	右	1600	曇	不良	16:20	4歳以上400万下		1987-7-25	2	新潟	3	4歳以上400万下	(馬齢)	2	740	3	2	170	3	8	120	1	5.0	230	6.0	2-7	620	2																							12.0 - 11.3 - 11.4 - 11.7 - 12.2 - 12.0 - 12.4 - 12.4	12.0 - 23.3 - 34.7 - 46.4 - 58.6 - 70.6 - 83.0 - 95.4 (12.0-12.0)
198704020607	芝	右	1600	晴	良	14:00	4歳以上400万下		1987-8-2	2	新潟	6	4歳以上400万下	(馬齢)	1	400	3	1	130	2	8	170	4	5.0	120	1.0	1-7	1660	6																							11.9 - 11.3 - 11.2 - 11.9 - 12.9 - 12.1 - 11.6 - 12.9	11.9 - 23.2 - 34.4 - 46.3 - 59.2 - 71.3 - 82.9 - 95.8 (11.9-11.9)
198704020608	芝	右	2000	晴	良	14:35	瓢湖特別 		1987-8-2	2	新潟	6	4歳以上400万下	(父)(別定)	1	590	4	1	170	5	7	110	1	6.0	140	2.0	1-7	890	5																							12.4 - 11.8 - 12.8 - 12.4 - 12.1 - 12.0 - 12.0 - 11.5 - 11.7 - 12.9	12.4 - 24.2 - 37.0 - 49.4 - 61.5 - 73.5 - 85.5 - 97.0 - 108.7 - 121.6 (12.4-12.4)
198704030108	芝	右	1600	晴	良	15:10	万代特別 		1987-8-15	3	新潟	1	4歳以上400万下	(馬齢)	7	1240	4	7	430	4	2	190	2				2-7	1550	7																							12.9 - 10.6 - 11.5 - 11.6 - 12.1 - 12.1 - 11.6 - 12.5	12.9 - 23.5 - 35.0 - 46.6 - 58.7 - 70.8 - 82.4 - 94.9 (12.9-12.9)
198704030109	芝	右	1800	晴	良	15:45	月岡特別 		1987-8-15	3	新潟	1	4歳以上900万下	牝(別定)	3	120	1	3	100	1	1	160	3				1-3	250	1																							12.9 - 12.3 - 12.5 - 12.2 - 11.6 - 11.6 - 12.1 - 12.1 - 11.9	12.9 - 25.2 - 37.7 - 49.9 - 61.5 - 73.1 - 85.2 - 97.3 - 109.2 (12.9-12.9)
198704030310	芝	右	2200	曇	不良	15:45	日本海ステークス 		1987-8-22	3	新潟	3	4歳以上900万下	(混)(別定)	2	390	2	2	140	2	13	110	1	10.0	180	3.0	2-8	350	1																							12.4 - 11.1 - 12.2 - 12.6 - 12.5 - 12.3 - 11.9 - 12.5 - 12.2 - 12.3 - 12.3	12.4 - 23.5 - 35.7 - 48.3 - 60.8 - 73.1 - 85.0 - 97.5 - 109.7 - 122.0 - 134.3 (12.4-12.4)
198704030311	芝	右	1800	曇	不良	16:20	4歳以上400万下		1987-8-22	3	新潟	3	4歳以上400万下	(馬齢)	4	350	1	4	170	1	1	770	12	9.0	330	6.0	1-3	5820	19																							12.6 - 11.1 - 12.2 - 12.7 - 12.2 - 12.1 - 12.3 - 12.4 - 13.0	12.6 - 23.7 - 35.9 - 48.6 - 60.8 - 72.9 - 85.2 - 97.6 - 110.6 (12.6-12.6)
198704030401	芝	右	1200	晴	重	10:30	3歳未勝利		1987-8-23	3	新潟	4	3歳未勝利	(混)(馬齢)	9	1800	6	9	280	6	6	110	1	2.0	130	3.0	6-8	610	3																							12.6 - 10.8 - 11.5 - 11.9 - 12.1 - 12.4	12.6 - 23.4 - 34.9 - 46.8 - 58.9 - 71.3 (12.6-12.6)
198704030402	ダ	右	1700	晴	重	11:00	4歳未勝利		1987-8-23	3	新潟	4	4歳未勝利	(父)(馬齢)	8	370	2	8	170	2	1	280	6	5.0	180	3.0	1-7	1970	10																							7.3 - 11.7 - 12.6 - 13.1 - 12.6 - 12.8 - 13.4 - 13.2 - 13.5	7.3 - 19.0 - 31.6 - 44.7 - 57.3 - 70.1 - 83.5 - 96.7 - 110.2 (7.3-7.3)
198704030403	芝	右	1200	晴	重	11:30	3歳新馬		1987-8-23	3	新潟	4	3歳新馬	(馬齢)	1	420	2	1	150	1	7	210	6	9.0	190	5.0	1-7	1550	9																							12.3 - 10.8 - 11.3 - 11.8 - 12.7 - 13.5	12.3 - 23.1 - 34.4 - 46.2 - 58.9 - 72.4 (12.3-12.3)
198704030404	芝	右	1800	晴	重	12:00	4歳未勝利		1987-8-23	3	新潟	4	4歳未勝利	(馬齢)	1	500	2	1	160	3	9	160	2	11.0	240	5.0	1-7	960	3																							12.4 - 11.6 - 12.0 - 12.7 - 12.9 - 12.5 - 12.6 - 12.2 - 12.9	12.4 - 24.0 - 36.0 - 48.7 - 61.6 - 74.1 - 86.7 - 98.9 - 111.8 (12.4-12.4)
198704030405	芝	右	1600	曇	稍重	13:00	4歳未勝利		1987-8-23	3	新潟	4	4歳未勝利	牝(馬齢)	2	470	3	2	130	3	9	100	1	3.0	130	2.0	2-7	520	2																							12.6 - 10.9 - 11.5 - 11.8 - 12.4 - 12.3 - 12.5 - 12.5	12.6 - 23.5 - 35.0 - 46.8 - 59.2 - 71.5 - 84.0 - 96.5 (12.6-12.6)
198704030406	ダ	右	1200	曇	稍重	13:30	4歳以上400万下		1987-8-23	3	新潟	4	4歳以上400万下	(馬齢)	4	900	4	4	290	5	5	260	4	3.0	490	7.0	4-5	2760	11																							12.4 - 10.7 - 11.6 - 12.7 - 13.4 - 13.2	12.4 - 23.1 - 34.7 - 47.4 - 60.8 - 74.0 (12.4-12.4)
198704030407	芝	右	1400	曇	稍重	14:00	アラブ3歳ステークス 		1987-8-23	3	新潟	4	3歳オープン	[抽](別定)	2	320	2	2	200	2	4	430	3				2-4	1820	5																							12.7 - 10.7 - 11.4 - 12.0 - 12.6 - 12.8 - 13.1	12.7 - 23.4 - 34.8 - 46.8 - 59.4 - 72.2 - 85.3 (12.7-12.7)
198704030408	ダ	右	1200	曇	稍重	14:35	4歳以上400万下		1987-8-23	3	新潟	4	4歳以上400万下	(馬齢)	9	280	1	9	120	1	3	170	4	7.0	150	3.0	3-8	970	4																							12.7 - 11.2 - 11.7 - 12.5 - 13.1 - 12.8	12.7 - 23.9 - 35.6 - 48.1 - 61.2 - 74.0 (12.7-12.7)
198704030409	芝	右	2000	曇	稍重	15:10	豊栄特別 		1987-8-23	3	新潟	4	4歳以上400万下	(別定)	5	190	1	5	120	1	6	1,380	9	7.0	270	5.0	5-6	11920	21																							12.7 - 11.6 - 12.3 - 12.2 - 12.2 - 12.0 - 12.7 - 12.5 - 12.1 - 12.3	12.7 - 24.3 - 36.6 - 48.8 - 61.0 - 73.0 - 85.7 - 98.2 - 110.3 - 122.6 (12.7-12.7)
198704030410	芝	右	1600	曇	稍重	15:45	信濃川特別 		1987-8-23	3	新潟	4	4歳以上900万下	(ハンデ)	1	420	3	1	160	3	2	350	7	3.0	150	2.0	1-2	2780	15																							12.8 - 10.8 - 11.3 - 11.5 - 12.1 - 12.2 - 11.8 - 12.0	12.8 - 23.6 - 34.9 - 46.4 - 58.5 - 70.7 - 82.5 - 94.5 (12.8-12.8)
198704030509	芝	右	1800	晴	稍重	15:45	苗場特別 		1987-8-29	3	新潟	5	4歳以上900万下	(ハンデ)	9	470	2	9	160	2	1	130	1	6.0	440	10.0	1-7	490	1																							12.5 - 11.8 - 11.7 - 11.9 - 12.0 - 11.8 - 11.9 - 12.4 - 12.8	12.5 - 24.3 - 36.0 - 47.9 - 59.9 - 71.7 - 83.6 - 96.0 - 108.8 (12.5-12.5)
198704010105	芝	右	2000	晴	良	12:00	4歳未勝利		1987-4-18	1	新潟	1	4歳未勝利	(混)(馬齢)	8	660	3	8	190	4	7	130	1	4.0	160	2.0	6-6	750	4																							13.2 - 12.3 - 12.8 - 13.3 - 12.9 - 12.5 - 12.1 - 11.9 - 11.0 - 11.8	13.2 - 25.5 - 38.3 - 51.6 - 64.5 - 77.0 - 89.1 - 101.0 - 112.0 - 123.8 (13.2-13.2)
198704010106	芝	右	1400	晴	良	13:00	4歳未勝利		1987-4-18	1	新潟	1	4歳未勝利	牝(馬齢)	2	250	2	2	110	2	7	110	1	11.0	190	4.0	2-5	330	1																							12.9 - 11.4 - 11.3 - 12.1 - 12.3 - 11.9 - 12.2	12.9 - 24.3 - 35.6 - 47.7 - 60.0 - 71.9 - 84.1 (12.9-12.9)
198704010107	ダ	右	1700	晴	良	13:30	4歳以上400万下		1987-4-18	1	新潟	1	4歳以上400万下	(馬齢)	12	240	1	12	160	2	6	620	9	2.0	330	6.0	5-8	1330	7																							7.4 - 11.1 - 11.8 - 12.6 - 13.3 - 13.3 - 13.9 - 13.8 - 13.5	7.4 - 18.5 - 30.3 - 42.9 - 56.2 - 69.5 - 83.4 - 97.2 - 110.7 (7.4-7.4)
198704010108	芝	右	1200	晴	良	14:05	4歳以上400万下		1987-4-18	1	新潟	1	4歳以上400万下	(馬齢)	4	440	3	4	190	2	5	200	3	8.0	690	10.0	4-4	1330	6																							12.6 - 11.2 - 11.6 - 12.0 - 11.6 - 12.2	12.6 - 23.8 - 35.4 - 47.4 - 59.0 - 71.2 (12.6-12.6)
198704010109	芝	右	2200	晴	良	14:40	4歳以上400万下		1987-4-18	1	新潟	1	4歳以上400万下	(馬齢)	7	1580	8	7	380	8	9	190	2	4.0	330	6.0	5-6	1640	7																							12.8 - 11.2 - 12.9 - 13.0 - 13.2 - 12.7 - 12.3 - 12.4 - 12.0 - 11.9 - 11.9	12.8 - 24.0 - 36.9 - 49.9 - 63.1 - 75.8 - 88.1 - 100.5 - 112.5 - 124.4 - 136.3 (12.8-12.8)
198704010110	芝	右	1600	晴	良	15:15	二王子特別 		1987-4-18	1	新潟	1	4歳以上400万下	(馬齢)	10	540	3	10	180	3	8	250	6	4.0	220	4.0	6-7	1310	8																							12.6 - 12.0 - 11.9 - 12.1 - 12.1 - 12.1 - 11.7 - 12.6	12.6 - 24.6 - 36.5 - 48.6 - 60.7 - 72.8 - 84.5 - 97.1 (12.6-12.6)
198704010111	芝	右	2200	晴	良	15:50	悠久山特別 		1987-4-18	1	新潟	1	4歳以上900万下	(混)(ハンデ)	12	1050	5	12	380	6	10	410	7	5.0	300	5.0	7-8	2990	14																							12.6 - 11.1 - 12.7 - 13.1 - 13.0 - 12.6 - 12.4 - 12.3 - 12.0 - 11.6 - 11.8	12.6 - 23.7 - 36.4 - 49.5 - 62.5 - 75.1 - 87.5 - 99.8 - 111.8 - 123.4 - 135.2 (12.6-12.6)
198704020508	芝	右	2000	曇	稍重	14:35	4歳以上400万下		1987-8-1	2	新潟	5	4歳以上400万下	(馬齢)	1	1170	6	1	330	7	10	220	4	2.0	230	5.0	1-8	2960	14																							12.1 - 11.2 - 11.9 - 11.9 - 12.2 - 12.0 - 12.4 - 12.5 - 12.6 - 12.4	12.1 - 23.3 - 35.2 - 47.1 - 59.3 - 71.3 - 83.7 - 96.2 - 108.8 - 121.2 (12.1-12.1)
198704020509	芝	右	1400	曇	稍重	15:10	米山特別 		1987-8-1	2	新潟	5	4歳以上400万下	(混)(別定)	3	1080	7	3	260	7	4	140	1	6.0	160	2.0	3-4	1880	11																							11.6 - 11.2 - 11.4 - 11.7 - 11.4 - 12.0 - 12.7	11.6 - 22.8 - 34.2 - 45.9 - 57.3 - 69.3 - 82.0 (11.6-11.6)
198704020510	芝	右	2200	曇	稍重	15:45	天の川ステークス 		1987-8-1	2	新潟	5	4歳以上900万下	(別定)	7	260	1	7	110	1	5	110	2	4.0	120	3.0	5-7	400	1																							12.5 - 11.0 - 11.9 - 13.3 - 12.8 - 12.2 - 11.7 - 12.3 - 12.5 - 11.6 - 12.3	12.5 - 23.5 - 35.4 - 48.7 - 61.5 - 73.7 - 85.4 - 97.7 - 110.2 - 121.8 - 134.1 (12.5-12.5)
198704030611	芝	右	1200	晴	良	16:20	4歳以上400万下		1987-8-30	3	新潟	6	4歳以上400万下	牝(馬齢)	6	170	1	6	110	1	1	140	3	5.0	150	4.0	1-6	390	1																							12.2 - 10.7 - 11.1 - 11.3 - 12.1 - 12.3	12.2 - 22.9 - 34.0 - 45.3 - 57.4 - 69.7 (12.2-12.2)
198704020511	芝	右	1600	曇	稍重	16:20	4歳以上400万下		1987-8-1	2	新潟	5	4歳以上400万下	(馬齢)	9	250	1	9	130	2	3	230	4	7	130	1	3-6	1540	4																							12.0 - 11.2 - 11.5 - 11.6 - 12.3 - 12.0 - 11.9 - 12.5	12.0 - 23.2 - 34.7 - 46.3 - 58.6 - 70.6 - 82.5 - 95.0 (12.0-12.0)
